class Solution {
    public int[][] updateMatrix(int[][] mat) {
        int[][] distance=new int[mat.length][mat[0].length];
        for (int i = 0; i < mat.length; i++) {
            for (int j = 0; j < mat[0].length; j++) {
                if (mat[i][j]!=0){
                    Queue<int[]> queue=new LinkedList<>();
                    queue.offer(new int[]{i,j});
                    int depth=-1;
                    boolean flag=false;
                    while (!queue.isEmpty()){
                        int queueSize=queue.size();
                        depth++;
                        for (int z = 0; z < queueSize; z++) {
                            int[] node=queue.poll();
                            int curI=node[0];
                            int curJ=node[1];
                            if (curI<0 || curI>mat.length-1 || curJ<0 || curJ> mat.length-1){
                                continue;
                            }
                            if (mat[curI][curJ]==0){
                                flag=true;
                                distance[i][j]=depth;
                                break;
                            }
                            if (curI>0){
                                queue.offer(new int[]{curI-1,curJ});
                            }
                            if (curI< mat.length-1){
                                queue.offer(new int[]{curI+1,curJ});
                            }
                            if (curJ>0){
                                queue.offer(new int[]{curI,curJ-1});
                            }
                            if (curJ< mat[0].length-1){
                                queue.offer(new int[]{curI,curJ+1});
                            }
                        }
                        if (flag){
                            break;
                        }
                    }

                }
            }
        }
        return distance;
    }
}

//total_testcases:49
//total_correct:44
//input_formatted:[[0,1,1,0,1,0,0,1,1,1,0,1,0,0,1,0,0,1,0,1,1,1,0,0,1,0,1,1,0,0,1,0,0,0,1,1,1,1,1,1,1,1,1,1,1,0,1,0,0,1,0,1,1,0,0,1,1,1,0,1,1,1,0,1,0,1,1,0,0,1,0,1,0,0,1,0,1,1,0,1,1,1,0,0,0,1,0,0,1,1,1,0,0,0,0,0,0,1,0,1,0,1,1,0,0,0,0,1,0,0,0,0,1,0,1,1,0,0,0,0,0,0,0,1,1,0,1,0,1,1,0,1,0,0,0,0,0,1,0,1,1,0,1,1,1,1,0,1,0,0,1,1,1,0,0,1,0,1,0,1,0,1,0,1,0,1,0,1,1,0,1,0,0,0,1,0,0,0,1,0,0,0,1,0,0,1,0,1,0,1,1,0,1,0,1,0,0,1,1,1,1,1,1,0,1,1,1,1,1,0,1,0,0,1,1,0,0,0,0,0,0,1,0,1,1,1,0,0,1,1,0,1,0,1,0,1,0,1,1,0,0,1,1,1,0,1,0,1,0,1,0,1,0,0,1,1,0,0,0,1,0,1,0,1,1,0,1,0,1,0,0,1,1,0,0,1,0,0,1,0,0,0,1,1,0,1,1,1,0,0,0,1,1,0,0,0,1,1,0,1,0,0,0,0,1,1,0,1,1,0,1,1,1,1,0,0,1,1,0,0,0,1,1,0,0,0,0,0,1,0,0,0,0,1,0,0,1,1,0,1,1,0,0,1,0,0,0,0,1,1,1,1,0,0,1,1,1,0,0,0,0,0,0,0,0,1,0,1,0,1,0,1,0,1,1,0,0,0,0,0,1,1,0,1,1,0,1,1,1,1,0,1,0,1,0,1,1,0,0,0,1,1,1,0,1,1,0,1,1,0,1,1,1,1,0,0,1,1,0,1,0,0,1,1,1,0,1,1,0,0,0,1,0,0,0,0,0,0,0,1,1,0,0,1,1,1,0,0,0,0,1,0,1,1,0,0,1,1,1,1,0,0,0,1,0,0,1,1,0,1,1,1,0,0,1,0,0,1,0,0,0,0,0,0,0,1,0,1,1,1,0,1,1,0,1,1,0,0,1,0,0,0,0,0,0,0,1,0,1,0,0,1,1,0,0,0,1,1,0,1,0,0,0,1,0,1,1,1,1,0,1,0,0,1,1,1,0,0,1,0,0,0,0,0,1,0,0,1,1,1,0,1,1,0,1,0,1,0,0,1,0,1,1,1,1,1,0,0,0,1,1,0,0,0,1,0,0,0,0,1,1,1,0,0,1,1,0,0,1,1,1,1,1,0,0,1,0,1,1,1,1,1,0,1,0,0,0,1,1,1,0,1,0,0,0,0,1,0,1,0,1,0,0,0,0,1,1,1,1,0,1,1,1,0,0,0,0,0,1,0,1,0,0,1,0,0,0,1,1,0,0,1,1,1,0,1,0,0,0,1,1,0,1,0,1,0,0,1,0,1,1,1,0,1,0,0,0,1,1,1,1,0,1,0,0,1,1,0,0,0,1,1,0,1,1,0,1,1,1,1,0,1,1,0,1,1,1,0,1,0,1,0,0,0,1,1,0,1,0,1,0,0,1,0,0,0,1,0,0,1,0,0,1,1,0,1,0,1,1,1,0,0,0,0,1,1,0,0,1,1,0,0,1,1,1,1,0,0,0,0,1,1,1,0,1,0,1,1,1,1,1,0,1,1,1,1,1,1,0,0,1,1,0,0,0,0,0,1,0,0,1,0,0,0,1,0,0,0,0,1,0,1,0,1,0,1,1,0,0,1,0,0,0,0,0,0,1,1,1,0,0,1,0,0,0,1,1,1,1,1,1,0,1,0,1,1,0,0,0,0,0,1,1,0,0,1,0,0,1,0,0,0,0,1,1,0,1,1,0,0,1,0,0,0,0,0,1,0,0,0,1,1,1,1,0,1,0,1,1,0,0,0,0,0,1,1,0,0,1,1,0,1,0,1,0,1,0,1,0,0,1,1,1,1,0,1,1,0,0,1,0,1,0,0,0,1,1,0,0,1,0,1,1,0,0,1,1,1,0,0,1,1,1,0,0,1,0,1,1,0,1,1,0,0,0,0,0,0,0,1,0,1,1,1,0,0,0,0,0,0,1,0,1,1,0,0,1,0,1,0,1,1,0,1,0,1,0,0,1,0,1,1,1,1,1,0,0,0,1,1,0,0,0,1,1,1,1,0,1,0,1,0,0,0,1,0,0,0,0,1,0,0,0,1,1,0,1,1,1,0,1,1,0,0,1,0,0,1,0,0,0,0,1,0,0,1,0,0,0,1,1,1,0,1,0,0,1,1,1,1,0,0,1,0,0,1,0,0,0,1,1,1,0,1,0,1,1,1,0,0,1,1,0,1,1,1,0,0,0,0,1,0,1,0,0,1,1,1,1,0,1,0,0,0,1,0,0,0,0,1,1,0,1,1,1,0,0,0,1,1,0,0,0,0,0,1,0,1,0,1,0,1,1,1,1,0,0,1,0,1,1,1,0,0,0,1,1,1,1,0,0,0,0,0,1,1,0,1,0,1,0,0,1,1,0,1,1,1,0,0,1,1,0,1,1,1,0,1,1,0,1,1,1,0,0,0,0,1,1,0,0,1,1,0,0,1,0,1,1,1,1,0,1,1,1,0,0,1,1,0,1,0,0,1,1,1,1,1,0,1,1,1,1,0,0,1,0,0,1,0,1,0,0,1,1,1,1,0,0,0,1,1,0,1,1,1,0,1,0,0,0,1,0,0,0,1,1,1,0,0,0,1,1,1,0,0,1,0,1,1,0,1,0,1,0,1,1,0,0,1,0,1,0,0,1,0,1,0,0,0,1,0,0,0,1,0,0,1,0,0,0,1,1,0,0,1,0,0,1,1,1,0,0,1,0,0,1,1,1,0,1,1,0,1,1,0,0,1,0,0,0,0,0,1,0,0,1,0,0,1,1,1,0,0,0,1,1,0,0,1,0,1,0,1,1,0,0,1,0,1,1,1,1,0,1,1,0,0,0,0,0,1,0,0,0,1,0,0,1,0,0,1,1,0,0,1,1,0,0,0,0,1,1,0,0,0,1,1,1,0,0,1,1,1,1,1,1,1,0,0,0,0,1,1,0,1,1,1,1,0,1,0,1,0,0,0,1,0,0,1,1,0,0,1,0,1,0,1,0,1,1,0,1,0,0,0,1,1,1,0,1,1,1,1,1,1,0,0,0,0,1,1,1,1,0,1,0,0,0,0,1,0,0,0,1,1,1,1,0,1,0,1,1,0,0,1,1,0,1,0,1,1,1,1,1,0,0,1,1,0,1,1,1,0,0,0,0,1,0,0,0,0,1,0,1,0,0,1,0,1,0,1,1,1,0,1,1,1,1,0,1,0,1,1,0,0,1,1,0,0,0,1,0,0,1,1,1,0,0,1,0,1,1,0,0,1,0,0,0,0,1,0,0,0,1,1,1,1,0,0,1,0,0,1,1,0,0,1,0,1,1,1,0,0,1,0,1,1,0,0,0,0,0,1,1,0,0,0,0,0,1,0,0,1,1,0,1,1,1,1,0,0,1,0,1,1,0,1,0,0,1,1,1,1,0,0,1,1,1,0,0,0,1,0,1,0,1,0,1,1,1,1,0,1,1,0,0,1,0,1,1,1,1,1,0,0,0,1,0,0,0,0,0,0,1,0,1,0,1,0,0,0,1,0,1,1,0,1,0,1,0,0,1,0,0,1,0,0,1,1,0,0,0,0,0,1,0,0,1,1,0,1,0,1,0,0,1,0,0,1,1,1,0,0,0,1,1,1,1,1,0,0,1,0,0,1,0,0,1,1,1,1,0,0,1,0,0,1,0,1,0,1,0,1,0,1,1,1,0,0,0,0,0,1,1,0,0,1,0,0,1,0,0,1,0,0,1,1,1,1,1,1,0,1,0,0,1,0,0,0,0,1,0,0,1,0,0,0,1,0,0,1,1,0,1,1,1,0,1,1,1,1,0,0,1,0,0,1,0,1,0,1,1,0,0,0,0,0,0,1,0,1,1,1,1,0,1,1,1,0,0,0,1,0,0,0,1,1,1,0,1,0,1,1,0,0,0,0,0,1,0,0,1,1,0,0,1,1,1,1,1,1,1,0,0,1,0,0,0,1,1,1,0,0,1,1,1,0,0,0,0,0,0,0,1,0,1,1,1,1,1,0,1,1,1,0,1,0,0,0,1,0,1,0,1,0,0,0,0,1,1,1,1,1,1,1,1,0,1,1,0,1,0,0,1,1,1,0,1,0,1,0,1,0,0,1,0,1,0,1,1,0,0,1,1,1,1,1,0,1,1,1,0,0,0,1,0,1,1,0,1,0,0,0,0,1,1,0,1,0,0,1,1,0,0,0,0,1,1,0,0,1,0,0,1,1,0,1,0,1,1,1,0,0,1,1,0,0,1,0,1,1,1,0,1,1,0,1,1,0,1,0,1,0,0,1,1,1,0,0,1,0,1,1,0,0,0,1,0,1,1,1,1,0,1,0,0,1,1,0,1,0,0,0,1,0,0,0,1,0,1,1,0,0,1,0,1,1,0,1,1,0,0,1,1,1,0,0,0,1,0,1,1,1,0,0,0,1,1,0,0,0,1,0,1,0,1,0,1,0,0,0,0,0,0,0,1,0,1,1,0,0,1,0,1,1,0,1,1,1,1,0,1,0,0,1,1,0,1,0,0,0,0,0,0,1,0,1,0,1,1,1,1,0,0,1,0,1,0,1,0,1,0,0,0,1,0,0,1,1,0,0,0,0,0,0,1,1,0,0,1,0,0,1,1,0,0,1,0,0,1,0,1,0,1,1,0,1,0,0,1,1,0,0,1,0,1,1,0,1,0,1,1,0,1,1,0,1,1,1,1,0,1,1,1,1,1,0,0,1,1,0,1,1,0,0,0,1,0,1,0,1,1,1,1,0,1,1,0,1,1,1,0,0,0,0,1,0,1,1,0,1,1,1,1,1,0,1,0,1,0,0,1,1,1,0,1,1,0,0,0,1,1,1,1,0,0,0,1,1,1,1,1,1,0,1,0,0,1,0,0,1,0,1,1,1,1,1,1,0,0,1,0,0,0,1,1,1,0,0,0,1,1,1,0,0,0,1,0,1,0,0,1,0,1,1,1,0,1,1,0,1,0,1,1,1,0,1,0,0,0,1,1,1,0,0,1,1,1,1,1,0,1,0,1,0,0,1,0,1,0,0,0,1,1,1,1,1,0,0,1,0,1,1,0,1,1,1,0,1,0,1,1,1,1,1,1,0,0,0,1,0,1,1,1,0,1,0,0,1,0,0,0,1,0,0,0,1,0,1,1,1,1,0,1,1,0,0,1,1,1,0,1,1,0,0,1,1,1,0,1,1,1,1,0,0,1,0,0,0,1,0,0,1,0,1,0,0,1,0,1,1,1,0,1,0,0,0,1,0,0,0,1,0,0,1,1,1,0,0,0,0,1,1,1,1,0,1,0,0,0,1,0,1,1,0,0,1,1,0,1,1,0,0,0,1,0,0,1,0,0,0,1,1,1,1,0,0,1,1,1,0,0,0,0,0,0,1,1,1,1,1,0,1,0,0,0,1,0,1,1,0,1,1,1,0,1,1,1,0,0,1,1,1,1,1,0,1,1,0,1,0,0,0,1,0,0,0,0,0,0,1,0,0,1,0,0,0,0,1,0,1,0,0,0,0,1,1,1,1,1,1,1,1,1,0,0,0,0,1,1,1,0,0,1,0,0,0,0,0,1,0,1,0,0,1,1,1,1,1,0,0,0,0,0,1,0,1,1,0,0,1,0,0,1,1,1,1,0,1,1,0,0,1,1,1,0,1,0,0,1,0,1,0,0,0,0,0,1,1,1,0,0,0,0,0,1,1,0,1,0,1,0,0,1,0,0,0,0,1,0,0,0,1,0,0,0,1,1,0,0,1,1,0,1,0,0,1,1,1,1,0,0,1,0,0,1,0,1,1,1,0,1,0,0,0,1,0,1,1,0,1,1,1,1,0,0,0,0,1,0,1,1,0,0,1,1,1,1,1,1,1,1,0,0,1,1,0,1,1,0,1,0,1,1,0,1,1,0,0,0,0,0,1,1,1,1,1,1,0,0,0,1,1,0,0,0,1,0,0,1,1,1,1,1,1,0,0,1,1,0,0,0,0,0,0,1,1,1,1,1,0,0,1,0,1,0,1,1,1,0,0,0,0,0,0,1,1,0,1,0,1,1,1,0,1,1,0,0,1,1,0,1,0,1,0,1,1,1,1,0,1,1,1,1,1,0,1,1,1,1,1,0,1,1,0,1,1,0,0,0,0,0,0,1,0,0,0,1,1,1,1,0,1,1,0,1,1,0,0,0,0,1,0,0,1,1,0,1,0,0,0,1,0,1,1,0,1,0,0,1,1,0,1,0,1,0,0,0,0,0,1,0,0,0,1,1,1,1,1,1,0,1,0,1,1,0,0,1,1,1,1,0,1,0,1,0,0,1,1,1,1,0,0,1,1,0,1,1,1,0,0,1,0,0,1,1,1,0,1,0,0,0,1,0,0,0,1,0,1,1,0,0,0,0,1,1,1,0,0,0,1,0,0,0,1,0,0,0,1,0,0,0,1,0,0,1,0,1,1,1,1,0,1,1,1,0,1,1,1,1,1,1,1,0,0,0,0,0,1,1,0,0,0,0,1,1,0,0,1,1,1,0,1,0,1,1,1,0,0,0,1,1,0,1,0,0,0,1,1,1,0,0,1,1,1,0,1,1,0,0,1,1,0,0,1,1,1,1,0,0,0,0,1,0,0,1,0,0,0,0,1,0,0,0,1,0,0,1,0,1,1,1,1,1,1,0,0,1,0,0,1,0,0,0,1,0,1,0,1,1,0,1,1,1,0,1,1,1,0,1,0,0,1,1,1,0,0,1,0,0,0,1,0,0,0,0,0,1,1,1,0,1,1,1,0,0,0,0,1,0,0,1,1,0,0,1,0,0,0,0,0,1,0,0,0,1,1,1,1,1,0,0,1,0,1,0,0,0,0,0,1,0,0,1,1,1,1,0,0,0,0,0,0,1,1,0,1,0,0,1,0,0,0,1,0,1,0,1,1,1,1,1,1,1,1,0,1,0,1,1,1,0,1,1,1,1,1,0,1,1,1,1,0,0,1,1,1,1,0,1,0,0,1,0,1,1,0,1,1,0,1,0,0,0,1,0,1,1,0,0,0,1,0,1,1,0,1,1,1,0,0,1,0,0,0,1,0,1,1,0,0,1,1,1,1,0,0,1,0,0,1,1,1,0,0,1,0,1,1,0,1,1,0,1,0,0,0,1,0,1,0,1,1,1,1,0,0,1,1,1,0,1,0,0,1,1,1,1,1,0,1,1,0,0,0,0,0,1,0,0,0,0,0,0,1,0,0,0,1,1,0,1,0,0,0,0,0,0,0,0,0,1,1,0,1,1,1,1,1,0,1,1,1,1,0,1,1,0,0,1,0,1,0,1,1,1,1,0,1,1,0,0,0,0,0,0,0,1,1,0,0,0,1,1,0,1,0,1,1,1,1,1,1,0,1,1,0,0,0,1,1,0,1,1,1,1,1,0,1,0,0,0,1,1,1,0,0,0,1,1,0,0,0,0,1,1,1,1,0,1,1,1,0,0,1,0,0,0,1,0,1,1,1,1,0,1,1,0,1,0,1,1,0,0,1,0,0,0,1,0,0,0,1,0,0,0,0,0,1,1,0,0,1,1,0,0,1,1,0,1,0,1,0,1,1,0,0,1,0,1,0,1,0,0,1,1,1,1,1,0,0,1,0,1,1,1,1,0,0,1,1,0,1,0,1,1,1,1,1,1,0,0,0,0,1,0,1,1,1,1,0,1,1,0,1,0,1,0,1,1,0,1,1,0,1,0,0,1,1,0,0,0,0,1,0,1,0,0,0,1,0,0,1,0,0,0,1,1,0,0,1,0,0,0,1,1,1,1,0,0,0,0,1,0,1,1,1,0,1,0,1,1,0,0,0,1,0,0,0,1,0,0,1,1,0,0,0,0,1,0,0,1,1,0,1,0,1,1,1,0,0,1,0,0,1,1,1,1,0,0,1,1,0,1,0,0,1,1,0,1,0,0,0,0,0,0,0,1,1,0,0,1,0,1,0,0,1,1,0,0,0,1,0,0,1,0,0,0,0,1,0,0,1,0,1,1,1,1,0,0,0,1,0,1,0,0,1,0,0,1,1,0,1,0,1,1,1,1,1,0,0,1,0,0,1,0,1,0,0,1,0,0,1,0,0,0,0,1,0,0,0,1,1,1,1,1,0,1,1,0,0,0,0,0,1,0,0,1,0,0,1,1,1,1,1,0,1,0,1,1,1,0,1,0,0,1,1,1,0,1,0,1,0,0,0,0,1,0,1,1,1,1,0,0,0,1,1,1,0,0,0,0,1,1,0,0,1,1,0,0,1,0,0,0,0,1,0,0,1,0,0,0,1,0,1,0,1,1,0,1,0,0,1,1,0,0,0,0,1,1,1,0,1,0,1,1,1,0,0,0,0,0,1,0,0,0,1,0,1,0,0,1,1,0,1,0,1,1,1,0,0,1,1,1,1,1,0,0,0,1,1,1,1,1,1,0,1,0,0,0,1,0,1,0,1,1,0,1,1,1,0,0,0,1,1,1,1,1,1,0,1,1,1,1,0,1,0,0,1,0,0,0,0,0,0,1,1,0,1,0,1,0,1,0,1,1,1,0,0,0,0,0,0,1,0,0,0,0,1,0,0,1,0,0,0,0,0,0,1,1,0,0,0,0,0,1,0,0,1,1,0,0,0,0,0,1,1,1,0,1,0,1,0,0,1,1,0,1,1,0,0,1,0,1,1,1,0,1,1,0,0,0,0,0,0,0,0,1,1,1,0,1,1,1,1,0,1,0,0,0,0,1,0,1,0,0,1,0,1,1,1,1,1,0,1,1,1,1,0,1,1,0,1,0,1,1,0,1,1,1,0,0,1,0,0,1,0,0,0,1,1,1,0,0,1,1,0,1,1,1,0,1,1,1,1,0,0,0,0,0,1,0,0,1,1,0,1,1,0,0,0,1,1,0,1,1,1,1,0,0,0,0,0,1,1,1,1,1,1,1,0,0,0,1,0,1,1,1,1,1,0,0,1,1,1,1,1,1,1,1,1,0,0,1,0,0,0,0,1,1,1,0,1,1,1,1,0,0,0,1,1,0,0,0,1,1,0,1,0,0,1,1,0,1,1,0,1,0,1,0,0,1,1,1,0,0,0,1,1,1,0,0,0,0,0,1,1,1,0,0,1,1,0,0,1,0,1,1,1,0,1,0,0,1,1,0,0,1,0,0,1,1,0,0,0,0,1,0,0,1,1,1,0,1,0,1,0,1,1,0,0,0,0,1,1,1,1,1,0,1,0,0,1,0,0,0,1,1,0,0,0,1,1,0,1,0,1,1,0,0,1,1,1,0,0,0,1,1,1,0,0,0,1,1,1,1,0,1,1,0,0,0,0,1,0,0,1,0,1,1,1,0,0,1,0,1,0,0,0,1,0,0,1,1,0,0,1,1,0,0,1,1,1,1,0,0,0,1,0,0,1,0,0,1,1,0,0,0,0,0,0,0,0,0,0,1,1,1,1,0,0,0,0,0,0,0,0,0,0,1,1,0,1,0,1,0,1,0,0,0,0,0,1,0,1,0,0,0,0,1,0,0,1,0,0,1,0,0,1,0,1,0,1,1,1,1,1,1,1,0,0,1,0,1,1,0,1,0,1,0,0,1,0,1,0,1,1,0,1,1,0,0,0,0,1,0,0,1,1,0,0,0,0,1,0,1,0,0,1,0,1,0,1,0,0,0,0,1,1,1,1,0,1,1,0,1,0,0,0,1,1,0,0,1,0,1,0,0,1,1,0,0,1,0,0,1,1,0,0,1,1,1,0,1,0,1,1,1,1,0,0,0,1,1,1,0,0,1,0,1,0,1,0,0,1,1,0,1,1,0,1,1,1,1,1,0,1,0,1,1,1,0,1,1,0,0,0,1,1,0,1,0,1,1,0,1,1,0,1,0,1,0,1,1,1,1,0,0,1,0,1,0,1,0,0,0,1,0,0,1,1,1,0,0,1,0,1,0,0,0,1,0,1,0,0,1,1,1,0,1,1,1,1,1,0,0,0,1,0,1,0,1,0,1,0,1,1,0,0,1,1,0,0,1,1,0,0,0,1,0,1,0,1,0,0,0,0,0,0,1,1,0,0,1,1,0,0,1,0,0,0,1,1,1,0,1,1,1,0,1,1,1,0,1,1,0,1,1,0,1,0,0,0,1,1,1,0,0,1,1,1,1,1,0,0,0,0,0,0,0,0,0,1,1,0,0,1,0,1,0,0,0,0,0,0,0,1,1,1,1,1,1,1,1,1,1,0,0,0,0,0,1,1,0,0,0,0,0,1,0,0,0,0,0,1,1,1,1,0,0,1,0,1,1,1,1,0,0,0,1,1,1,0,0,1,1,0,1,0,0,1,1,0,0,0,0,1,1,0,1,1,0,0,0,0,0,0,0,0,0,0,1,1,1,1,1,1,1,1,0,1,1,0,0,0,1,1,1,1,1,1,0,1,1,0,1,1,1,0,1,1,1,1,0,0,1,1,1,0,1,1,0,0,0,0,1,0,1,1,1,1,0,1,1,0,0,0,0,1,0,1,0,0,1,0,0,1,1,0,0,0,0,0,0,0,1,1,0,0,1,0,0,1,0,0,0,0,0,1,1,1,1,1,0,0,1,1,1,1,0,1,1,0,0,0,0,0,0,1,0,1,1,0,1,0,0,0,0,0,1,0,0,1,0,1,1,0,1,0,0,1,0,0,1,1,0,1,0,1,1,0,0,1,1,1,0,1,0,0,1,0,1,0,0,0,1,1,1,0,0,0,0,0,1,0,1,1,1,1,1,1,0,1,1,1,0,0,1,0,1,1,1,0,1,1,1,1,1,1,1,1,1,1,1,0,0,1,0,0,1,1,1,0,0,0,0,1,1,0,0,1,1,1,0,1,1,0,1,1,0,0,1,1,0,0,0,1,1,0,0,1,0,0,0,0,0,1,1,1,0,1,1,0,1,1,0,0,0,0,0,1,0,1,0,0,1,1,1,1,0,1,0,1,0,0,0,1,1,0,0,1,1,1,1,0,1,0,1,0,0,0,1,0,1,1,1,1,1,1,0,1,1,0,1,1,0,1,1,1,1,0,1,0,0,0,1,0,1,0,0,1,0,1,1,1,0,1,0,0,0,0,0,0,0,0,1,1,1,1,1,0,1,0,1,0,0,1,1,0,0,0,1,1,0,1,0,0,1,1,1,0,1,1,1,0,0,0,1,0,1,0,1,1,1,1,0,0,0,1,1,1,1,1,0,1,1,1,0,0,1,1,1,0,1,0,1,0,1,0,0,0,0,0,1,1,1,1,1,1,0,0,1,0,0,0,0,1,0,0,1,0,1,0,0,0,1,0,1,0,0,0,0,1,0,0,0,0,0,0,1,0,0,1,1,0,0,1,1,0,0,0,1,1,0,1,0,0,1,0,1,1,0,0,1,0,0,0,0,0,0,1,0,0,0,1,0,0,0,1,0,0,1,1,1,1,1,0,1,1,1,1,0,0,0,0,1,0,1,0,1,1,1,0,1,1,0,0,1,0,0,0,0,1,1,0,0,1,1,0,1,0,1,0,1,0,1,1,1,0,0,1,1,0,0,0,1,0,0,0,1,0,0,1,1,0,0,0,1,0,1,0,0,0,1,1,0,1,0,1,1,1,0,0,0,1,0,0,1,0,0,0,1,1,0,1,1,1,1,0,0,1,0,1,0,0,1,0,1,1,1,1,0,1,1,1,1,1,1,0,1,0,0,0,0,1,0,1,1,0,1,1,1,0,0,1,0,0,1,0,0,1,0,0,1,0,0,1,0,1,1,1,0,0,0,0,1,0,0,1,1,1,0,0,0,1,0,1,0,1,1,1,1,1,0,0,1,1,0,0,0,1,1,1,0,0,1,1,0,0,0,1,0,1,1,0,0,0,1,1,1,1,1,1,1,0,0,1,0,1,0,1,1,1,0,1,0,0,0,1,0,1,1,0,1,0,1,0,1,0,0,1,0,0,1,1,0,0,0,0,0,0,1,0,0,1,0,1,1,1,0,0,0,1,1,1,1,1,1,1,1,0,1,0,1,1,0,1,0,1,0,1,0,1,1,0,0,1,1,1,0,0,0,0,1,1,1,0,0,0,0,0,1,1,1,1,1,1,0,1,1,1,0,1,0,1,0,0,0,0,1,0,0,1,0,0,0,1,0,0,0,1,0,1,1,1,0,1,1,1,1,1,1,1,0,1,1,0,0,0,0,1,1,0,0,0,0,1,0,1,1,0,0,1,0,0,0,0,1,1,0,0,0,0,1,0,1,1,0,0,1,1,0,0,1,0,1,1,1,0,1,0,0,1,1,1,0,1,1,0,1,0,0,0,0,0,1,0,1,0,1,0,1,0,1,1,0,0,1,1,0,0,1,0,0,1,1,1,0,0,1,1,0,1,1,0,1,0,0,1,1,1,1,0,0,1,1,0,0,0,1,0,0,1,0,1,0,0,1,1,1,0,1,0,0,1,0,1,1,1,0,1,0,1,0,1,0,1,1,1,1,1,0,0,0,0,0,1,1,1,0,0,1,1,0,1,0,0,0,1,1,1,1,1,1,0,1,1,1,0,0,0,1,0,1,0,1,0,0,0,1,1,0,0,1,1,0,0,0,0,0,1,1,0,1,0,0,0,0,0,1,0,1,0,1,1,1,0,1,0,1,0,0,1,1,0,0,1,0,0,1,1,0,1,0,0,1,1,0,1,0,0,0,1,1,1,1,0,0,0,1,0,1,1,1,1,0,0,0,0,1,0,1,1,0,1,0,1,0,1,1,0,0,0,0,0,0,0,0,0,1,0,0,1,0,1,1,1,1,1,0,1,0,0,1,1,0,0,1,0,1,1,0,0,1,0,1,0,1,1,0,0,1,1,0,1,0,1,1,1,0,0,1,0,0,1,1,1,1,0,1,0,1,1,1,0,1,0,0,0,1,1,1,1,0,0,1,0,0,1,1,0,0,0,0,1,0,1,0,1,1,0,0,1,1,1,1,0,1,0,0,0,1,1,1,0,1,1,0,1,1,0,1,1,0,0,1,1,1,0,0,0,0,1,1,0,0,0,1,1,1,0,1,0,0,0,1,1,1,0,0,0,1,0,1,1,1,0,0,1,0,1,0,1,0,1,1,0,0,1,1,1,1,1,0,0,1,0,0,1,1,0,0,0,1,1,0,1,0,0,0,1,1,0,1,1,1,1,1,1,0,0,1,0,1,1,1,1,0,1,0,0,1,0,0,1,1,1,0,0,1,0,1,1,1,0,0,0,0,1,0,1,0,1,0,1,0,1,1,0,0,0,0,0,1,1,0,1,1,0,0,0,1,0,0,1,0,0,1,0,1,0,0,0,0,1,0,0,0,0,1,1,1,0,0,1,0,0,1,1,1,0,1,0,1,0,1,1,0,1,1,1,1,0,0,1,0,0,1,0,0,0,0,1,1,1,0,0,0,1,0,0,0,0,0,0,1,1,1,1,1,1,0,0,0,0,1,0,0,0,1,1,0,1,1,1,1,1,1,0,0,0,1,1,1,1,0,1,0,1,0,0,0,0,1,0,0,1,0,1,0,1,0,1,1,0,1,0,1,0,0,1,0,0,0,1,0,0,1,1,0,0,0,0,1,1,1,0,0,1,1,0,1,0,1,1,1,1,1,1,1,0,0,0,0,0,1,1,0,1,1,1,1,1,1,0,0,0,0,0,0,1,0,0,1,1,1,1,1,0,0,1,0,1,0,0,0,1,0,1,0,0,1,0,1,0,1,0,0,1,1,0,1,0,0,0,1,0,1,0,1,0,1,0,1,0,0,1,1,0,1,0,1,0,0,1,0,0,1,0,1,1,0,1,0,0,0,0,0,1,0,0,1,1,0,0,1,0,0,1,0,0,1,1,0,0,1,1,0,1,1,0,0,0,0,0,1,1,1,1,0,0,1,1,0,0,0,1,0,0,0,0,0,0,0,0,0,1,1,1,1,0,0,1,1,1,1,0,0,0,0,1,0,1,1,1,0,0,1,0,1,0,0,0,1,0,0,1,1,0,1,0,1,0,0,1,1,1,0,1,0,1,1,1,1,0,1,1,0,1,1,1,0,0,1,0,1,0,1,1,0,1,1,0,0,1,1,0,0,1,1,1,1,0,0,1,0,1,1,1,0,1,0,0,1,1,1,0,0,0,0,0,1,1,0,1,1,1,1,0,0,0,0,1,1,1,0,1,0,1,0,1,1,1,1,1,1,0,1,0,1,0,1,0,0,0,0,0,1,0,1,1,1,1,1,1,1,0,1,1,1,0,1,0,1,0,1,0,1,1,1,0,1,0,1,0,0,0,1,1,0,0,1,1,0,1,0,0,0,1,0,1,1,0,1,0,0,0,1,1,1,0,1,1,1,1,0,0,1,0,1,0,0,0,1,1,0,0,1,1,0,1,1,1,1,0,0,0,0,0,1,1,1,1,1,0,0,1,1,0,1,0,0,0,0,0,1,0,0,0,0,0,0,0,0,1,1,1,1,1,0,1,1,0,0,0,1,0,1,0,1,0,0,1,1,1,1,0,1,1,1,1,0,1,0,0,1,0,1,0,1,0,0,1,0,1,1,0,1,0,0,1,0,1,0,1,0,0,1,1,0,1,1,0,0,1,1,0,0,0,0,0,1,0,1,1,0,0,0,1,0,0,0,1,0,1,1,0,1,0,0,1,1,0,0,1,1,0,1,1,1,1,1,0,0,1,1,1,0,0,1,1,1,0,0,0,0,0,0,1,1,1,0,0,0,1,0,1,1,0,1,0,1,0,1,0,0,1,1,0,0,1,0,0,1,1,0,1,0,0,0,1,1,0,1,0,0,0,1,0,0,0,1,1,0,1,1,0,0,1,1,1,0,1,0,1,0,1,0,0,0,0,0,1,0,0,1,1,1,0,0,1,1,1,1,1,0,1,1,0,0,0,1,0,1,0,1,0,1,0,0,1,0,0,1,1,0,1,0,0,0,0,1,0,1,1,0,1,1,1,1,1,1,1,0,1,0,0,0,1,0,1,0,0,1,1,0,1,1,0,1,1,0,0,0,0,0,0,0,1,1,0,0,0,0,0,0,0,0,1,0,0,1,1,1,1,0,0,0,1,1,0,1,1,1,0,0,0,1,1,0,0,0,1,1,0,0,1,1,1,0,0,1,1,1,0,1,0,0,1,0,0,1,0,1,0,1,0,0,1,1,1,0,0,0,1,0,0,1,1,0,1,1,1,1,0,0,0,0,1,0,1,0,0,0,1,1,1,0,1,0,1,1,1,1,0,0,1,1,0,0,1,1,0,0,0,1,1,0,0,0,0,1,1,0,1,1,1,1,1,1,1,0,1,0,1,1,0,0,0,0,1,0,0,0,0,1,1,0,0,0,0,0,1,0,0,1,1,0,1,0,1,1,1,1,1,1,0,1,0,1,1,1,1,1,1,0,1,1,1,1,1,1,0,0,0,0,1,0,0,0,0,1,0,0,1,1,0,0,0,0,1,1,1,0,0,1,0,1,1,0,1,0,1,1,1,1,0,0,1,1,1,1,1,0,1,0,0,1,0,0,0,1,1,0,1,1,1,0,1,0,1,1,1,0,1,1,1,1,1,0,1,0,0,1,1,1,0,0,1,1,0,0,1,1,1,1,0,0,0,1,0,0,0,0,1,1,1,0,1,0,0,0,0,0,1,1,1,0,0,1,0,1,1,0,1,0,0,0,0,1,0,1,0,1,1,1,1,0,1,0,1,1,0,0,0,1,0,1,0,1,0,0,0,0,0,0,1,1,0,0,1,0,0,1,1,1,0,0,1,0,1,1,1,0,0,1,1,0,1,1,1,1,1,1,0,1,0,0,1,1,1,1,0,1,1,0,0,0,1,1,1,0,0,0,1,0,1,1,1,0,1,0,0,0,0,0,1,0,0,1,1,1,1,1,1,0,1,1,0,1,1,0,1,0,1,1,1,1,0,1,1,1,0,1,1,1,0,0,0,1,1,1,0,0,0,1,0,1,1,0,1,1,0,1,0,1,0,1,0,0,0,0,1,0,1,0,0,0,0,0,1,0,0,0,0,1,1,1,1,0,1,1,1,0,1,0,0,1,0,0,0,0,1,0,0,1,0,0,1,0,1,1,1,1,0,0,1,1,1,0,0,0,1,1,1,0,1,0,0,0,0,1,1,0,1,1,0,0,0,0,0,1,1,0,1,0,0,0,1,0,0,1,0,0,0,0,0,1,0,0,0,1,1,1,0,0,1,1,0,0,1,0,0,0,0,0,1,0,0,0,1,1,1,0,0,1,0,0,0,0,0,0,1,1,0,0,1,1,1,1,1,1,0,1,0,1,0,1,1,0,1,1,0,0,1,0,0,1,0,1,1,0,1,0,0,0,0,1,1,1,1,1,1,1,1,1,1,0,0,1,1,1,0,1,1,0,1,1,1,1,1,0,0,1,1,0,1,0,0,1,1,0,1,0,1,1,0,0,0,0,1,1,0,0,0,0,1,0,1,1,0,1,1,0,1,1,0,0,1,1,1,0,1,0,0,1,0,1,0,1,1,0,1,1,1,0,1,0,0,0,0,0,1,0,1,1,1,1,1,1,1,1,1,1,0,1,1,0,1,1,1,1,1,1,1,0,1,1,0,1,0,0,1,0,1,0,0,1,1,1,0,1,0,0,1,1,0,1,0,0,0,0,0,0,1,0,0,0,0,0,1,1,0,0,1,1,1,0,0,0,0,0,1,0,1,0,1,1,1,0,0,0,0,0,0,0,0,0,1,0,1,1,1,1,1,0,0,0,1,0,1,1,0,0,1,0,1,1,0,0,1,0,0,1,1,1,1,0,0,1,0,0,1,0,0,1,0,0,1,0,0,0,0,0,0,1,0,0,1,0,1,1,0,0,1,0,0,1,0,1,0,1,1,0,0,1,1,1,0,0,0,0,0,1,1,0,0,0,1,1,0,0,0,0,1,0,1,1,1,1,1,1,0,0,1,1,0,0,1,0,1,1,1,1,1,0,1,1,1,0,0,1,0,1,1,0,1,0,0,1,1,1,0,0,0,0,1,1,1,1,0,1,1,1,0,0,0,1,0,0,0,0,0,1,0,0,0,1,0,1,1,1,0,1,1,0,1,1,0,0,1,1,0,1,0,1,1,1,0,0,0,0,0,0,1,1,0,0,0,1,1,0,1,0,1,1,0,1,1,0,1,1,0,0,0,1,1,1,0,1,1,1,1,1,1,1,1,1,0,1,1,1,0,0,0,0,0,1,0,1,1,0,0,1,0,0,0,0,1,1,0,0,1,1,1,1,1,0,1,1,0,1,0,1,0,0,0,0,1,0,0,0,1,0,0,1,1,0,1,1,1,0,1,1,0,0,1,1,1,0,0,1,1,1,1,0,1,0,0,0,0,1,0,1,1,1,1,1,1,1,1,0,1,0,0,0,1,1,1,0,0,1,0,0,1,1,1,0,0,1,1,0,1,0,0,1,1,1,0,1,0,1,0,0,0,1,1,1,0,1,1,1,1,1,1,1,1,1,1,1,1,0,0,0,1,1,1,1,1,1,1,1,1,0,1,0,0,0,1,1,1,1,0,1,0,0,1,1,1,1,1,0,0,1,1,0,1,0,1,0,0,1,1,0,0,1,1,1,1,0,1,1,0,1,1,0,0,0,1,0,1,0,1,1,1,1,1,1,0,0,1,0,0,0,0,1,1,0,0,1,1,1,0,1,1,0,0,0,1,0,0,0,0,0,0,0,0,0,0,1,0,1,1,1,1,1,1,1,0,1,0,1,0,0,0,0,1,0,1,1,1,1,0,0,0,1,1,0,0,1,1,0,1,1,1,1,0,1,0,0,1,0,0,0,0,0,0,0,0,1,1,1,1,0,0,0,1,0,0,1,1,0,0,1,1,0,0,1,1,0,0,0,0,1,0,1,1,0,1,1,0,0,1,0,0,1,1,0,1,1,0,0,0,0,1,1,1,1,1,0,0,1,1,0,1,1,1,1,0,1,0,0,0,0,1,1,1,1,1,0,1,1,0,1,1,0,1,1,0,0,1,1,1,1,1,0,0,1,1,0,1,1,0,0,0,0,0,1,0,1,1,0,1,1,0,1,1,0,1,1,1,0,0,1,1,0,0,1,0,1,0,0,0,1,0,1,1,0,0,1,1,1,1,1,1,1,0,1,1,1,1,1,1,0,0,0,0,0,0,0,1,1,1,0,1,1,1,0,1,0,0,1,0,0,1,1,1,0,1,0,0,1,0,0,1,0,0,0,0,0,1,1,0,1,1,1,0,0,1,1,0,0,0,1,1,1,1,0,0,0,0,0,1,1,0,1,1,0,1,1,1,1,1,0,0,1,0,0,0,0,1,1,1,1,0,0,0,0,1,1,1,0,1,0,1,0,0,1,0,1,1,0,0,1,0,0,1,1,1,0,0,0,0,1,0,1,1,0,1,1,0,1,1,0,0,1,1,0,1,1,1,0,0,0,0,1,1,0,0,1,0,0,1,1,1,1,0,0,1,1,0,1,1,0,1,0,1,1,1,0,0,1,0,0,0,0,0,1,0,1,1,0,1,1,0,0,1,0,0,1,1,1,1,0,1,1,0,1,0,1,1,1,0,0,0,0,1,1,0,1,0,1,0,0,0,1,0,0,0,1,1,0,0,1,1,0,0,0,0,0,1,0,0,1,1,0,0,1,1,1,0,0,0,0,1,1,1,0,1,0,0,0,1,1,0,1,0,0,0,1,0,1,0,0,0,1,0,1,1,1,0,1,0,0,0,0,0,1,1,1,1,1,1,0,0,0,1,1,1,0,1,0,1,1,0,1,1,1,1,1,1,1,0,0,0,0,1,1,1,1,0,0,1,0,0,0,0,0,0,1,0,1,1,1,0,1,0,1,1,0,0,1,0,1,0,1,0,0,1,1,0,1,0,1,1,1,0,1,1,1,0,0,0,0,1,0,0,1,0,0,1,1,1,1,1,1,1,0,0,1,1,1,1,1,1,1,1,0,0,1,0,1,1,0,1,1,0,1,0,1,0,0,0,1,1,0,1,0,1,0,0,1,0,0,0,0,0,1,0,0,0,0,0,0,1,0,0,1,1,1,1,1,1,0,1,0,0,1,0,0,0,0,1,1,1,1,0,0,0,0,0,1,0,0,1,0,1,1,1,1,1,0,0,0,1,1,0,0,0,1,0,0,1,1,0,1,1,0,0,1,0,1,0,1,0,0,0,1,0,1,0,0,0,0,1,0,0,1,0,0,0,1,0,1,1,0,0,0,1,1,1,0,0,1,0,0,0,1,0,1,1,0,1,0,0,1,1,1,1,0,1,1,0,0,1,0,0,1,0,1,0,0,1,0,0,0,0,0,1,1,0,1,1,1,1,0,0,1,0,0,0,0,0,0,0,0,1,1,0,0,1,1,1,1,0,1,1,0,0,1,1,0,0,1,0,0,1,1,1,0,1,1,1,1,1,1,1,1,0,0,0,0,1,1,0,1,0,0,0,0,1,0,0,1,0,0,0,0,1,0,0,1,1,1,1,1,1,0,1,0,1,0,1,0,0,0,0,0,1,0,1,1,0,0,0,0,1,1,0,0,1,0,1,1,0,0,0,0,1,0,1,0,0,1,0,1,1,1,1,1,1,0,1,1,0,1,1,0,1,1,0,1,1,0,1,1,1,1,0,1,0,1,1,1,0,1,0,0,1,0,0,0,1,0,1,1,1,1,1,0,1,0,1,1,1,0,0,1,0,1,0,0,0,0,0,0,0,0,1,0,0,0,1,0,1,1,0,0,0,0,1,1,1,1,0,1,0,1,1,1,0,0,0,0,1,0,1,1,1,0,0,1,1,0,0,0,1,0,1,0,1,1,1,0,1,1,1,0,1,0,0,0,1,1,1,1,0,1,1,0,1,1,0,0,0,0,1,1,0,0,0,0,0,1,1,1,0,0,0,1,1,0,0,0,0,0,0,0,0,1,1,1,1,1,0,0,0,0,1,1,0,1,0,0,1,0,1,1,1,1,0,0,1,0,0,0,1,0,1,0,0,0,0,0,1,0,1,1,1,1,1,1,1,0,1,0,0,0,1,0,0,1,1,0,1,0,0,1,0,0,0,0,1,1,1,0,1,0,1,0,0,0,1,1,0,1,1,0,1,0,0,1,0,0,1,0,1,0,1,1,1,0,0,1,0,1,1,0,1,1,0,1,0,0,0,0,1,0,1,0,1,1,1,1,1,1,1,1,0,1,1,0,1,1,1,1,1,1,1,0,0,0,0,0,1,0,0,1,0,0,0,1,1,0,0,1,0,1,1,0,1,1,1,1,0,0,1,0,1,1,1,1,1,0,1,1,1,1,1,0,1,0,1,1,0,1,0,0,0,0,1,0,1,1,0,1,0,1,1,0,1,1,1,0,0,0,1,0,0,1,1,1,0,1,0,0,0,1,0,0,0,1,1,1,0,1,1,0,0,1,0,1,0,0,1,0,1,0,0,1,0,1,1,1,0,1,0,0,0,1,0,1,1,0,0,0,1,1,1,1,0,1,0,0,1,0,0,0,0,1,1,1,0,0,1,0,1,1,0,1,1,1,1,0,1,0,0,0,0,1,0,1,1,1,1,0,1,0,0,1,0,1,1,0,0,0,0,0,1,1,1,0,0,1,1,1,1,1,1,0,1,0,1,0,0,0,1,0,0,1,1,1,0,0,1,1,1,0,1,1,0,0,1,0,1,0,0,0,0,1,0,1,0,0,0,1,1,1,0,0,0,0,0,0,0,0,0,1,1,1,0,1,0,1,0,0,1,1,0,1,1,1,1,0,1,1,0,1,0,1,1,0,1,0,1,1,0,0,1,1,1,0,1,1,1,0,0,0,1,1,1,0,0,1,1,0,0,1,1,1,0,0,0,1,0,0,1,0,1,0,0,1,0,0,0,0,0,1,0,0,1,1,1,1,0,0,1,1,0,1,0,0,1,1,0,1,0,0,1,0,0,0,1,1,0,1,1,1,0,0,1,0,1,1,0,0,0,0,0,0,1,1,1,1,1,0,0,0,1,0,1,0,1,1,0,0,0,0,1,0,1,0,0,0,1,1,0,1,0,1,1,1,0,0,0,1,0,1,1,0,0,1,0,0,1,1,1,0,1,0,1,1,1,0,0,0,0,0,1,1,0,0,0,1,1,1,0,0,1,0,0,0,0,1,0,1,0,0,1,0,1,0,0,0,0,0,1,1,1,1,1,0,0,1,0,0,0,0,1,0,0,1,0,0,0,0,1,1,1,1,0,0,1,1,1,1,0,0,0,0,1,1,1,0,1,0,0,1,0,0,0,1,0,0,0,0,0,0,1,1,1,1,0,0,1,0,1,1,0,0,1,1,1,1,1,0,1,0,0,0,0,1,1,1,1,1,0,1,0,1,1,0,1,0,0,1,0,0,1,0,0,0,1,1,1,0,0,1,1,1,1,1,1,0,1,1,0,0,0,1,0,0,1,1,1,0,0,1,1,1,1,1,1,1,0,0,1,0,1,1,1,0,0,1,0,1,1,1,1,0,0,1,0,0,1,1,0,1,1,0,0,0,0,1,1,1,0,1,1,1,0,1,1,0,1,0,1,1,1,1,1,1,0,1,1,1,1,1,1,0,1,0,0,1,0,1,0,0,0,0,1,1,1,0,0,0,0,1,1,0,1,1,0,0,1,1,1,0,0,1,1,1,0,1,1,0,0,0,1,0,1,1,0,1,1,0,1,1,1,1,0,1,1,0,1,1,1,0,1,1,0,0,0,1,0,1,1,0,1,0,1,0,0,1,1,0,0,1,0,1,0,0,1,1,0,0,0,1,1,0,1,1,0,1,1,0,1,0,1,0,0,0,0,0,0,0,1,1,1,1,1,1,1,1,0,0,0,1,1,1,0,0,1,0,1,0,1,1,0,0,0,0,0,1,1,1,1,1,1,1,1,1,1,0,0,1,1,1,0,0,0,0,0,1,1,0,0,1,0,1,0,1,0,0,0,0,1,0,1,0,0,1,1,1,1,0,0,0,1,1,1,0,1,1,0,0,1,0,1,1,1,0,0,1,1,1,0,1,1,0,0,0,0,0,0,0,0,0,1,0,0,1,0,1,0,1,0,0,1,0,1,0,1,1,1,0,0,0,1,1,1,1,1,0,1,1,0,0,0,0,0,1,1,1,0,1,1,1,1,0,0,1,0,1,1,0,1,1,1,0,0,0,1,0,1,0,0,0,0]]
//expected_output:[[0,1,1,0,1,0,0,1,2,1,0,1,0,0,1,0,0,1,0,1,2,1,0,0,1,0,1,1,0,0,1,0,0,0,1,2,3,4,5,6,5,4,3,2,1,0,1,0,0,1,0,1,1,0,0,1,2,1,0,1,2,1,0,1,0,1,1,0,0,1,0,1,0,0,1,0,1,1,0,1,2,1,0,0,0,1,0,0,1,2,1,0,0,0,0,0,0,1,0,1,0,1,1,0,0,0,0,1,0,0,0,0,1,0,1,1,0,0,0,0,0,0,0,1,1,0,1,0,1,1,0,1,0,0,0,0,0,1,0,1,1,0,1,2,2,1,0,1,0,0,1,2,1,0,0,1,0,1,0,1,0,1,0,1,0,1,0,1,1,0,1,0,0,0,1,0,0,0,1,0,0,0,1,0,0,1,0,1,0,1,1,0,1,0,1,0,0,1,2,3,3,2,1,0,1,2,3,2,1,0,1,0,0,1,1,0,0,0,0,0,0,1,0,1,2,1,0,0,1,1,0,1,0,1,0,1,0,1,1,0,0,1,2,1,0,1,0,1,0,1,0,1,0,0,1,1,0,0,0,1,0,1,0,1,1,0,1,0,1,0,0,1,1,0,0,1,0,0,1,0,0,0,1,1,0,1,2,1,0,0,0,1,1,0,0,0,1,1,0,1,0,0,0,0,1,1,0,1,1,0,1,2,2,1,0,0,1,1,0,0,0,1,1,0,0,0,0,0,1,0,0,0,0,1,0,0,1,1,0,1,1,0,0,1,0,0,0,0,1,2,2,1,0,0,1,2,1,0,0,0,0,0,0,0,0,1,0,1,0,1,0,1,0,1,1,0,0,0,0,0,1,1,0,1,1,0,1,2,2,1,0,1,0,1,0,1,1,0,0,0,1,2,1,0,1,1,0,1,1,0,1,2,2,1,0,0,1,1,0,1,0,0,1,2,1,0,1,1,0,0,0,1,0,0,0,0,0,0,0,1,1,0,0,1,2,1,0,0,0,0,1,0,1,1,0,0,1,2,2,1,0,0,0,1,0,0,1,1,0,1,2,1,0,0,1,0,0,1,0,0,0,0,0,0,0,1,0,1,2,1,0,1,1,0,1,1,0,0,1,0,0,0,0,0,0,0,1,0,1,0,0,1,1,0,0,0,1,1,0,1,0,0,0,1,0,1,2,2,1,0,1,0,0,1,2,1,0,0,1,0,0,0,0,0,1,0,0,1,2,1,0,1,1,0,1,0,1,0,0,1,0,1,2,3,2,1,0,0,0,1,1,0,0,0,1,0,0,0,0,1,2,1,0,0,1,1,0,0,1,2,3,2,1,0,0,1,0,1,2,3,2,1,0,1,0,0,0,1,2,1,0,1,0,0,0,0,1,0,1,0,1,0,0,0,0,1,2,2,1,0,1,2,1,0,0,0,0,0,1,0,1,0,0,1,0,0,0,1,1,0,0,1,2,1,0,1,0,0,0,1,1,0,1,0,1,0,0,1,0,1,2,1,0,1,0,0,0,1,2,2,1,0,1,0,0,1,1,0,0,0,1,1,0,1,1,0,1,2,2,1,0,1,1,0,1,2,1,0,1,0,1,0,0,0,1,1,0,1,0,1,0,0,1,0,0,0,1,0,0,1,0,0,1,1,0,1,0,1,2,1,0,0,0,0,1,1,0,0,1,1,0,0,1,2,2,1,0,0,0,0,1,2,1,0,1,0,1,2,3,2,1,0,1,2,3,3,2,1,0,0,1,1,0,0,0,0,0,1,0,0,1,0,0,0,1,0,0,0,0,1,0,1,0,1,0,1,1,0,0,1,0,0,0,0,0,0,1,2,1,0,0,1,0,0,0,1,2,3,3,2,1,0,1,0,1,1,0,0,0,0,0,1,1,0,0,1,0,0,1,0,0,0,0,1,1,0,1,1,0,0,1,0,0,0,0,0,1,0,0,0,1,2,2,1,0,1,0,1,1,0,0,0,0,0,1,1,0,0,1,1,0,1,0,1,0,1,0,1,0,0,1,2,2,1,0,1,1,0,0,1,0,1,0,0,0,1,1,0,0,1,0,1,1,0,0,1,2,1,0,0,1,2,1,0,0,1,0,1,1,0,1,1,0,0,0,0,0,0,0,1,0,1,2,1,0,0,0,0,0,0,1,0,1,1,0,0,1,0,1,0,1,1,0,1,0,1,0,0,1,0,1,2,3,2,1,0,0,0,1,1,0,0,0,1,2,2,1,0,1,0,1,0,0,0,1,0,0,0,0,1,0,0,0,1,1,0,1,2,1,0,1,1,0,0,1,0,0,1,0,0,0,0,1,0,0,1,0,0,0,1,2,1,0,1,0,0,1,2,2,1,0,0,1,0,0,1,0,0,0,1,2,1,0,1,0,1,2,1,0,0,1,1,0,1,2,1,0,0,0,0,1,0,1,0,0,1,2,2,1,0,1,0,0,0,1,0,0,0,0,1,1,0,1,2,1,0,0,0,1,1,0,0,0,0,0,1,0,1,0,1,0,1,2,2,1,0,0,1,0,1,2,1,0,0,0,1,2,2,1,0,0,0,0,0,1,1,0,1,0,1,0,0,1,1,0,1,2,1,0,0,1,1,0,1,2,1,0,1,1,0,1,2,1,0,0,0,0,1,1,0,0,1,1,0,0,1,0,1,2,2,1,0,1,2,1,0,0,1,1,0,1,0,0,1,2,3,2,1,0,1,2,2,1,0,0,1,0,0,1,0,1,0,0,1,2,2,1,0,0,0,1,1,0,1,2,1,0,1,0,0,0,1,0,0,0,1,2,1,0,0,0,1,2,1,0,0,1,0,1,1,0,1,0,1,0,1,1,0,0,1,0,1,0,0,1,0,1,0,0,0,1,0,0,0,1,0,0,1,0,0,0,1,1,0,0,1,0,0,1,2,1,0,0,1,0,0,1,2,1,0,1,1,0,1,1,0,0,1,0,0,0,0,0,1,0,0,1,0,0,1,2,1,0,0,0,1,1,0,0,1,0,1,0,1,1,0,0,1,0,1,2,2,1,0,1,1,0,0,0,0,0,1,0,0,0,1,0,0,1,0,0,1,1,0,0,1,1,0,0,0,0,1,1,0,0,0,1,2,1,0,0,1,2,3,4,3,2,1,0,0,0,0,1,1,0,1,2,2,1,0,1,0,1,0,0,0,1,0,0,1,1,0,0,1,0,1,0,1,0,1,1,0,1,0,0,0,1,2,1,0,1,2,3,3,2,1,0,0,0,0,1,2,2,1,0,1,0,0,0,0,1,0,0,0,1,2,2,1,0,1,0,1,1,0,0,1,1,0,1,0,1,2,3,2,1,0,0,1,1,0,1,2,1,0,0,0,0,1,0,0,0,0,1,0,1,0,0,1,0,1,0,1,2,1,0,1,2,2,1,0,1,0,1,1,0,0,1,1,0,0,0,1,0,0,1,2,1,0,0,1,0,1,1,0,0,1,0,0,0,0,1,0,0,0,1,2,2,1,0,0,1,0,0,1,1,0,0,1,0,1,2,1,0,0,1,0,1,1,0,0,0,0,0,1,1,0,0,0,0,0,1,0,0,1,1,0,1,2,2,1,0,0,1,0,1,1,0,1,0,0,1,2,2,1,0,0,1,2,1,0,0,0,1,0,1,0,1,0,1,2,2,1,0,1,1,0,0,1,0,1,2,3,2,1,0,0,0,1,0,0,0,0,0,0,1,0,1,0,1,0,0,0,1,0,1,1,0,1,0,1,0,0,1,0,0,1,0,0,1,1,0,0,0,0,0,1,0,0,1,1,0,1,0,1,0,0,1,0,0,1,2,1,0,0,0,1,2,3,2,1,0,0,1,0,0,1,0,0,1,2,2,1,0,0,1,0,0,1,0,1,0,1,0,1,0,1,2,1,0,0,0,0,0,1,1,0,0,1,0,0,1,0,0,1,0,0,1,2,3,3,2,1,0,1,0,0,1,0,0,0,0,1,0,0,1,0,0,0,1,0,0,1,1,0,1,2,1,0,1,2,2,1,0,0,1,0,0,1,0,1,0,1,1,0,0,0,0,0,0,1,0,1,2,2,1,0,1,2,1,0,0,0,1,0,0,0,1,2,1,0,1,0,1,1,0,0,0,0,0,1,0,0,1,1,0,0,1,2,3,4,3,2,1,0,0,1,0,0,0,1,2,1,0,0,1,2,1,0,0,0,0,0,0,0,1,0,1,2,3,2,1,0,1,2,1,0,1,0,0,0,1,0,1,0,1,0,0,0,0,1,2,3,4,4,3,2,1,0,1,1,0,1,0,0,1,2,1,0,1,0,1,0,1,0,0,1,0,1,0,1,1,0,0,1,2,3,2,1,0,1,2,1,0,0,0,1,0,1,1,0,1,0,0,0,0,1,1,0,1,0,0,1,1,0,0,0,0,1,1,0,0,1,0,0,1,1,0,1,0,1,2,1,0,0,1,1,0,0,1,0,1,2,1,0,1,1,0,1,1,0,1,0,1,0,0,1,2,1,0,0,1,0,1,1,0,0,0,1,0,1,2,2,1,0,1,0,0,1,1,0,1,0,0,0,1,0,0,0,1,0,1,1,0,0,1,0,1,1,0,1,1,0,0,1,2,1,0,0,0,1,0,1,2,1,0,0,0,1,1,0,0,0,1,0,1,0,1,0,1,0,0,0,0,0,0,0,1,0,1,1,0,0,1,0,1,1,0,1,2,2,1,0,1,0,0,1,1,0,1,0,0,0,0,0,0,1,0,1,0,1,2,2,1,0,0,1,0,1,0,1,0,1,0,0,0,1,0,0,1,1,0,0,0,0,0,0,1,1,0,0,1,0,0,1,1,0,0,1,0,0,1,0,1,0,1,1,0,1,0,0,1,1,0,0,1,0,1,1,0,1,0,1,1,0,1,1,0,1,2,2,1,0,1,2,3,2,1,0,0,1,1,0,1,1,0,0,0,1,0,1,0,1,2,2,1,0,1,1,0,1,2,1,0,0,0,0,1,0,1,1,0,1,2,3,2,1,0,1,0,1,0,0,1,2,1,0,1,1,0,0,0,1,2,2,1,0,0,0,1,2,3,3,2,1,0,1,0,0,1,0,0,1,0,1,2,3,3,2,1,0,0,1,0,0,0,1,2,1,0,0,0,1,2,1,0,0,0,1,0,1,0,0,1,0,1,2,1,0,1,1,0,1,0,1,2,1,0,1,0,0,0,1,2,1,0,0,1,2,3,2,1,0,1,0,1,0,0,1,0,1,0,0,0,1,2,3,2,1,0,0,1,0,1,1,0,1,2,1,0,1,0,1,2,3,3,2,1,0,0,0,1,0,1,2,1,0,1,0,0,1,0,0,0,1,0,0,0,1,0,1,2,2,1,0,1,1,0,0,1,2,1,0,1,1,0,0,1,2,1,0,1,2,2,1,0,0,1,0,0,0,1,0,0,1,0,1,0,0,1,0,1,2,1,0,1,0,0,0,1,0,0,0,1,0,0,1,2,1,0,0,0,0,1,2,2,1,0,1,0,0,0,1,0,1,1,0,0,1,1,0,1,1,0,0,0,1,0,0,1,0,0,0,1,2,2,1,0,0,1,2,1,0,0,0,0,0,0,1,2,3,2,1,0,1,0,0,0,1,0,1,1,0,1,2,1,0,1,2,1,0,0,1,2,3,2,1,0,1,1,0,1,0,0,0,1,0,0,0,0,0,0,1,0,0,1,0,0,0,0,1,0,1,0,0,0,0,1,2,3,4,5,4,3,2,1,0,0,0,0,1,2,1,0,0,1,0,0,0,0,0,1,0,1,0,0,1,2,3,2,1,0,0,0,0,0,1,0,1,1,0,0,1,0,0,1,2,2,1,0,1,1,0,0,1,2,1,0,1,0,0,1,0,1,0,0,0,0,0,1,2,1,0,0,0,0,0,1,1,0,1,0,1,0,0,1,0,0,0,0,1,0,0,0,1,0,0,0,1,1,0,0,1,1,0,1,0,0,1,2,2,1,0,0,1,0,0,1,0,1,2,1,0,1,0,0,0,1,0,1,1,0,1,2,2,1,0,0,0,0,1,0,1,1,0,0,1,2,3,4,4,3,2,1,0,0,1,1,0,1,1,0,1,0,1,1,0,1,1,0,0,0,0,0,1,2,3,3,2,1,0,0,0,1,1,0,0,0,1,0,0,1,2,3,3,2,1,0,0,1,1,0,0,0,0,0,0,1,2,3,2,1,0,0,1,0,1,0,1,2,1,0,0,0,0,0,0,1,1,0,1,0,1,2,1,0,1,1,0,0,1,1,0,1,0,1,0,1,2,2,1,0,1,2,3,2,1,0,1,2,3,2,1,0,1,1,0,1,1,0,0,0,0,0,0,1,0,0,0,1,2,2,1,0,1,1,0,1,1,0,0,0,0,1,0,0,1,1,0,1,0,0,0,1,0,1,1,0,1,0,0,1,1,0,1,0,1,0,0,0,0,0,1,0,0,0,1,2,3,3,2,1,0,1,0,1,1,0,0,1,2,2,1,0,1,0,1,0,0,1,2,2,1,0,0,1,1,0,1,2,1,0,0,1,0,0,1,2,1,0,1,0,0,0,1,0,0,0,1,0,1,1,0,0,0,0,1,2,1,0,0,0,1,0,0,0,1,0,0,0,1,0,0,0,1,0,0,1,0,1,2,2,1,0,1,2,1,0,1,2,3,4,3,2,1,0,0,0,0,0,1,1,0,0,0,0,1,1,0,0,1,2,1,0,1,0,1,2,1,0,0,0,1,1,0,1,0,0,0,1,2,1,0,0,1,2,1,0,1,1,0,0,1,1,0,0,1,2,2,1,0,0,0,0,1,0,0,1,0,0,0,0,1,0,0,0,1,0,0,1,0,1,2,3,3,2,1,0,0,1,0,0,1,0,0,0,1,0,1,0,1,1,0,1,2,1,0,1,2,1,0,1,0,0,1,2,1,0,0,1,0,0,0,1,0,0,0,0,0,1,2,1,0,1,2,1,0,0,0,0,1,0,0,1,1,0,0,1,0,0,0,0,0,1,0,0,0,1,2,3,2,1,0,0,1,0,1,0,0,0,0,0,1,0,0,1,2,2,1,0,0,0,0,0,0,1,1,0,1,0,0,1,0,0,0,1,0,1,0,1,2,3,4,4,3,2,1,0,1,0,1,2,1,0,1,2,3,2,1,0,1,2,2,1,0,0,1,2,2,1,0,1,0,0,1,0,1,1,0,1,1,0,1,0,0,0,1,0,1,1,0,0,0,1,0,1,1,0,1,2,1,0,0,1,0,0,0,1,0,1,1,0,0,1,2,2,1,0,0,1,0,0,1,2,1,0,0,1,0,1,1,0,1,1,0,1,0,0,0,1,0,1,0,1,2,2,1,0,0,1,2,1,0,1,0,0,1,2,3,2,1,0,1,1,0,0,0,0,0,1,0,0,0,0,0,0,1,0,0,0,1,1,0,1,0,0,0,0,0,0,0,0,0,1,1,0,1,2,3,2,1,0,1,2,2,1,0,1,1,0,0,1,0,1,0,1,2,2,1,0,1,1,0,0,0,0,0,0,0,1,1,0,0,0,1,1,0,1,0,1,2,3,3,2,1,0,1,1,0,0,0,1,1,0,1,2,3,2,1,0,1,0,0,0,1,2,1,0,0,0,1,1,0,0,0,0,1,2,2,1,0,1,2,1,0,0,1,0,0,0,1,0,1,2,2,1,0,1,1,0,1,0,1,1,0,0,1,0,0,0,1,0,0,0,1,0,0,0,0,0,1,1,0,0,1,1,0,0,1,1,0,1,0,1,0,1,1,0,0,1,0,1,0,1,0,0,1,2,3,2,1,0,0,1,0,1,2,2,1,0,0,1,1,0,1,0,1,2,3,3,2,1,0,0,0,0,1,0,1,2,2,1,0,1,1,0,1,0,1,0,1,1,0,1,1,0,1,0,0,1,1,0,0,0,0,1,0,1,0,0,0,1,0,0,1,0,0,0,1,1,0,0,1,0,0,0,1,2,2,1,0,0,0,0,1,0,1,2,1,0,1,0,1,1,0,0,0,1,0,0,0,1,0,0,1,1,0,0,0,0,1,0,0,1,1,0,1,0,1,2,1,0,0,1,0,0,1,2,2,1,0,0,1,1,0,1,0,0,1,1,0,1,0,0,0,0,0,0,0,1,1,0,0,1,0,1,0,0,1,1,0,0,0,1,0,0,1,0,0,0,0,1,0,0,1,0,1,2,2,1,0,0,0,1,0,1,0,0,1,0,0,1,1,0,1,0,1,2,3,2,1,0,0,1,0,0,1,0,1,0,0,1,0,0,1,0,0,0,0,1,0,0,0,1,2,3,2,1,0,1,1,0,0,0,0,0,1,0,0,1,0,0,1,2,3,2,1,0,1,0,1,2,1,0,1,0,0,1,2,1,0,1,0,1,0,0,0,0,1,0,1,2,2,1,0,0,0,1,2,1,0,0,0,0,1,1,0,0,1,1,0,0,1,0,0,0,0,1,0,0,1,0,0,0,1,0,1,0,1,1,0,1,0,0,1,1,0,0,0,0,1,2,1,0,1,0,1,2,1,0,0,0,0,0,1,0,0,0,1,0,1,0,0,1,1,0,1,0,1,2,1,0,0,1,2,3,2,1,0,0,0,1,2,3,3,2,1,0,1,0,0,0,1,0,1,0,1,1,0,1,2,1,0,0,0,1,2,3,3,2,1,0,1,2,2,1,0,1,0,0,1,0,0,0,0,0,0,1,1,0,1,0,1,0,1,0,1,2,1,0,0,0,0,0,0,1,0,0,0,0,1,0,0,1,0,0,0,0,0,0,1,1,0,0,0,0,0,1,0,0,1,1,0,0,0,0,0,1,2,1,0,1,0,1,0,0,1,1,0,1,1,0,0,1,0,1,2,1,0,1,1,0,0,0,0,0,0,0,0,1,2,1,0,1,2,2,1,0,1,0,0,0,0,1,0,1,0,0,1,0,1,2,3,2,1,0,1,2,2,1,0,1,1,0,1,0,1,1,0,1,2,1,0,0,1,0,0,1,0,0,0,1,2,1,0,0,1,1,0,1,2,1,0,1,2,2,1,0,0,0,0,0,1,0,0,1,1,0,1,1,0,0,0,1,1,0,1,2,2,1,0,0,0,0,0,1,2,3,4,3,2,1,0,0,0,1,0,1,2,3,2,1,0,0,1,2,3,4,5,4,3,2,1,0,0,1,0,0,0,0,1,2,1,0,1,2,2,1,0,0,0,1,1,0,0,0,1,1,0,1,0,0,1,1,0,1,1,0,1,0,1,0,0,1,2,1,0,0,0,1,2,1,0,0,0,0,0,1,2,1,0,0,1,1,0,0,1,0,1,2,1,0,1,0,0,1,1,0,0,1,0,0,1,1,0,0,0,0,1,0,0,1,2,1,0,1,0,1,0,1,1,0,0,0,0,1,2,3,2,1,0,1,0,0,1,0,0,0,1,1,0,0,0,1,1,0,1,0,1,1,0,0,1,2,1,0,0,0,1,2,1,0,0,0,1,2,2,1,0,1,1,0,0,0,0,1,0,0,1,0,1,2,1,0,0,1,0,1,0,0,0,1,0,0,1,1,0,0,1,1,0,0,1,2,2,1,0,0,0,1,0,0,1,0,0,1,1,0,0,0,0,0,0,0,0,0,0,1,2,2,1,0,0,0,0,0,0,0,0,0,0,1,1,0,1,0,1,0,1,0,0,0,0,0,1,0,1,0,0,0,0,1,0,0,1,0,0,1,0,0,1,0,1,0,1,2,3,4,3,2,1,0,0,1,0,1,1,0,1,0,1,0,0,1,0,1,0,1,1,0,1,1,0,0,0,0,1,0,0,1,1,0,0,0,0,1,0,1,0,0,1,0,1,0,1,0,0,0,0,1,2,2,1,0,1,1,0,1,0,0,0,1,1,0,0,1,0,1,0,0,1,1,0,0,1,0,0,1,1,0,0,1,2,1,0,1,0,1,2,2,1,0,0,0,1,2,1,0,0,1,0,1,0,1,0,0,1,1,0,1,1,0,1,2,3,2,1,0,1,0,1,2,1,0,1,1,0,0,0,1,1,0,1,0,1,1,0,1,1,0,1,0,1,0,1,2,2,1,0,0,1,0,1,0,1,0,0,0,1,0,0,1,2,1,0,0,1,0,1,0,0,0,1,0,1,0,0,1,2,1,0,1,2,3,2,1,0,0,0,1,0,1,0,1,0,1,0,1,1,0,0,1,1,0,0,1,1,0,0,0,1,0,1,0,1,0,0,0,0,0,0,1,1,0,0,1,1,0,0,1,0,0,0,1,2,1,0,1,2,1,0,1,2,1,0,1,1,0,1,1,0,1,0,0,0,1,2,1,0,0,1,2,3,2,1,0,0,0,0,0,0,0,0,0,1,1,0,0,1,0,1,0,0,0,0,0,0,0,1,2,3,4,5,5,4,3,2,1,0,0,0,0,0,1,1,0,0,0,0,0,1,0,0,0,0,0,1,2,2,1,0,0,1,0,1,2,2,1,0,0,0,1,2,1,0,0,1,1,0,1,0,0,1,1,0,0,0,0,1,1,0,1,1,0,0,0,0,0,0,0,0,0,0,1,2,3,4,4,3,2,1,0,1,1,0,0,0,1,2,3,3,2,1,0,1,1,0,1,2,1,0,1,2,2,1,0,0,1,2,1,0,1,1,0,0,0,0,1,0,1,2,2,1,0,1,1,0,0,0,0,1,0,1,0,0,1,0,0,1,1,0,0,0,0,0,0,0,1,1,0,0,1,0,0,1,0,0,0,0,0,1,2,3,2,1,0,0,1,2,2,1,0,1,1,0,0,0,0,0,0,1,0,1,1,0,1,0,0,0,0,0,1,0,0,1,0,1,1,0,1,0,0,1,0,0,1,1,0,1,0,1,1,0,0,1,2,1,0,1,0,0,1,0,1,0,0,0,1,2,1,0,0,0,0,0,1,0,1,2,3,3,2,1,0,1,2,1,0,0,1,0,1,2,1,0,1,2,3,4,5,6,5,4,3,2,1,0,0,1,0,0,1,2,1,0,0,0,0,1,1,0,0,1,2,1,0,1,1,0,1,1,0,0,1,1,0,0,0,1,1,0,0,1,0,0,0,0,0,1,2,1,0,1,1,0,1,1,0,0,0,0,0,1,0,1,0,0,1,2,2,1,0,1,0,1,0,0,0,1,1,0,0,1,2,2,1,0,1,0,1,0,0,0,1,0,1,2,3,3,2,1,0,1,1,0,1,1,0,1,2,2,1,0,1,0,0,0,1,0,1,0,0,1,0,1,2,1,0,1,0,0,0,0,0,0,0,0,1,2,3,2,1,0,1,0,1,0,0,1,1,0,0,0,1,1,0,1,0,0,1,2,1,0,1,2,1,0,0,0,1,0,1,0,1,2,2,1,0,0,0,1,2,3,2,1,0,1,2,1,0,0,1,2,1,0,1,0,1,0,1,0,0,0,0,0,1,2,3,3,2,1,0,0,1,0,0,0,0,1,0,0,1,0,1,0,0,0,1,0,1,0,0,0,0,1,0,0,0,0,0,0,1,0,0,1,1,0,0,1,1,0,0,0,1,1,0,1,0,0,1,0,1,1,0,0,1,0,0,0,0,0,0,1,0,0,0,1,0,0,0,1,0,0,1,2,3,2,1,0,1,2,2,1,0,0,0,0,1,0,1,0,1,2,1,0,1,1,0,0,1,0,0,0,0,1,1,0,0,1,1,0,1,0,1,0,1,0,1,2,1,0,0,1,1,0,0,0,1,0,0,0,1,0,0,1,1,0,0,0,1,0,1,0,0,0,1,1,0,1,0,1,2,1,0,0,0,1,0,0,1,0,0,0,1,1,0,1,2,2,1,0,0,1,0,1,0,0,1,0,1,2,2,1,0,1,2,3,3,2,1,0,1,0,0,0,0,1,0,1,1,0,1,2,1,0,0,1,0,0,1,0,0,1,0,0,1,0,0,1,0,1,2,1,0,0,0,0,1,0,0,1,2,1,0,0,0,1,0,1,0,1,2,3,2,1,0,0,1,1,0,0,0,1,2,1,0,0,1,1,0,0,0,1,0,1,1,0,0,0,1,2,3,4,3,2,1,0,0,1,0,1,0,1,2,1,0,1,0,0,0,1,0,1,1,0,1,0,1,0,1,0,0,1,0,0,1,1,0,0,0,0,0,0,1,0,0,1,0,1,2,1,0,0,0,1,2,3,4,4,3,2,1,0,1,0,1,1,0,1,0,1,0,1,0,1,1,0,0,1,2,1,0,0,0,0,1,2,1,0,0,0,0,0,1,2,3,3,2,1,0,1,2,1,0,1,0,1,0,0,0,0,1,0,0,1,0,0,0,1,0,0,0,1,0,1,2,1,0,1,2,3,4,3,2,1,0,1,1,0,0,0,0,1,1,0,0,0,0,1,0,1,1,0,0,1,0,0,0,0,1,1,0,0,0,0,1,0,1,1,0,0,1,1,0,0,1,0,1,2,1,0,1,0,0,1,2,1,0,1,1,0,1,0,0,0,0,0,1,0,1,0,1,0,1,0,1,1,0,0,1,1,0,0,1,0,0,1,2,1,0,0,1,1,0,1,1,0,1,0,0,1,2,2,1,0,0,1,1,0,0,0,1,0,0,1,0,1,0,0,1,2,1,0,1,0,0,1,0,1,2,1,0,1,0,1,0,1,0,1,2,3,2,1,0,0,0,0,0,1,2,1,0,0,1,1,0,1,0,0,0,1,2,3,3,2,1,0,1,2,1,0,0,0,1,0,1,0,1,0,0,0,1,1,0,0,1,1,0,0,0,0,0,1,1,0,1,0,0,0,0,0,1,0,1,0,1,2,1,0,1,0,1,0,0,1,1,0,0,1,0,0,1,1,0,1,0,0,1,1,0,1,0,0,0,1,2,2,1,0,0,0,1,0,1,2,2,1,0,0,0,0,1,0,1,1,0,1,0,1,0,1,1,0,0,0,0,0,0,0,0,0,1,0,0,1,0,1,2,3,2,1,0,1,0,0,1,1,0,0,1,0,1,1,0,0,1,0,1,0,1,1,0,0,1,1,0,1,0,1,2,1,0,0,1,0,0,1,2,2,1,0,1,0,1,2,1,0,1,0,0,0,1,2,2,1,0,0,1,0,0,1,1,0,0,0,0,1,0,1,0,1,1,0,0,1,2,2,1,0,1,0,0,0,1,2,1,0,1,1,0,1,1,0,1,1,0,0,1,2,1,0,0,0,0,1,1,0,0,0,1,2,1,0,1,0,0,0,1,2,1,0,0,0,1,0,1,2,1,0,0,1,0,1,0,1,0,1,1,0,0,1,2,3,2,1,0,0,1,0,0,1,1,0,0,0,1,1,0,1,0,0,0,1,1,0,1,2,3,3,2,1,0,0,1,0,1,2,2,1,0,1,0,0,1,0,0,1,2,1,0,0,1,0,1,2,1,0,0,0,0,1,0,1,0,1,0,1,0,1,1,0,0,0,0,0,1,1,0,1,1,0,0,0,1,0,0,1,0,0,1,0,1,0,0,0,0,1,0,0,0,0,1,2,1,0,0,1,0,0,1,2,1,0,1,0,1,0,1,1,0,1,2,2,1,0,0,1,0,0,1,0,0,0,0,1,2,1,0,0,0,1,0,0,0,0,0,0,1,2,3,3,2,1,0,0,0,0,1,0,0,0,1,1,0,1,2,3,3,2,1,0,0,0,1,2,2,1,0,1,0,1,0,0,0,0,1,0,0,1,0,1,0,1,0,1,1,0,1,0,1,0,0,1,0,0,0,1,0,0,1,1,0,0,0,0,1,2,1,0,0,1,1,0,1,0,1,2,3,4,3,2,1,0,0,0,0,0,1,1,0,1,2,3,3,2,1,0,0,0,0,0,0,1,0,0,1,2,3,2,1,0,0,1,0,1,0,0,0,1,0,1,0,0,1,0,1,0,1,0,0,1,1,0,1,0,0,0,1,0,1,0,1,0,1,0,1,0,0,1,1,0,1,0,1,0,0,1,0,0,1,0,1,1,0,1,0,0,0,0,0,1,0,0,1,1,0,0,1,0,0,1,0,0,1,1,0,0,1,1,0,1,1,0,0,0,0,0,1,2,2,1,0,0,1,1,0,0,0,1,0,0,0,0,0,0,0,0,0,1,2,2,1,0,0,1,2,2,1,0,0,0,0,1,0,1,2,1,0,0,1,0,1,0,0,0,1,0,0,1,1,0,1,0,1,0,0,1,2,1,0,1,0,1,2,2,1,0,1,1,0,1,2,1,0,0,1,0,1,0,1,1,0,1,1,0,0,1,1,0,0,1,2,2,1,0,0,1,0,1,2,1,0,1,0,0,1,2,1,0,0,0,0,0,1,1,0,1,2,2,1,0,0,0,0,1,2,1,0,1,0,1,0,1,2,3,3,2,1,0,1,0,1,0,1,0,0,0,0,0,1,0,1,2,3,4,3,2,1,0,1,2,1,0,1,0,1,0,1,0,1,2,1,0,1,0,1,0,0,0,1,1,0,0,1,1,0,1,0,0,0,1,0,1,1,0,1,0,0,0,1,2,1,0,1,2,2,1,0,0,1,0,1,0,0,0,1,1,0,0,1,1,0,1,2,2,1,0,0,0,0,0,1,2,3,2,1,0,0,1,1,0,1,0,0,0,0,0,1,0,0,0,0,0,0,0,0,1,2,3,2,1,0,1,1,0,0,0,1,0,1,0,1,0,0,1,2,2,1,0,1,2,2,1,0,1,0,0,1,0,1,0,1,0,0,1,0,1,1,0,1,0,0,1,0,1,0,1,0,0,1,1,0,1,1,0,0,1,1,0,0,0,0,0,1,0,1,1,0,0,0,1,0,0,0,1,0,1,1,0,1,0,0,1,1,0,0,1,1,0,1,2,3,2,1,0,0,1,2,1,0,0,1,2,1,0,0,0,0,0,0,1,2,1,0,0,0,1,0,1,1,0,1,0,1,0,1,0,0,1,1,0,0,1,0,0,1,1,0,1,0,0,0,1,1,0,1,0,0,0,1,0,0,0,1,1,0,1,1,0,0,1,2,1,0,1,0,1,0,1,0,0,0,0,0,1,0,0,1,2,1,0,0,1,2,3,2,1,0,1,1,0,0,0,1,0,1,0,1,0,1,0,0,1,0,0,1,1,0,1,0,0,0,0,1,0,1,1,0,1,2,3,4,3,2,1,0,1,0,0,0,1,0,1,0,0,1,1,0,1,1,0,1,1,0,0,0,0,0,0,0,1,1,0,0,0,0,0,0,0,0,1,0,0,1,2,2,1,0,0,0,1,1,0,1,2,1,0,0,0,1,1,0,0,0,1,1,0,0,1,2,1,0,0,1,2,1,0,1,0,0,1,0,0,1,0,1,0,1,0,0,1,2,1,0,0,0,1,0,0,1,1,0,1,2,2,1,0,0,0,0,1,0,1,0,0,0,1,2,1,0,1,0,1,2,2,1,0,0,1,1,0,0,1,1,0,0,0,1,1,0,0,0,0,1,1,0,1,2,3,4,3,2,1,0,1,0,1,1,0,0,0,0,1,0,0,0,0,1,1,0,0,0,0,0,1,0,0,1,1,0,1,0,1,2,3,3,2,1,0,1,0,1,2,3,3,2,1,0,1,2,3,3,2,1,0,0,0,0,1,0,0,0,0,1,0,0,1,1,0,0,0,0,1,2,1,0,0,1,0,1,1,0,1,0,1,2,2,1,0,0,1,2,3,2,1,0,1,0,0,1,0,0,0,1,1,0,1,2,1,0,1,0,1,2,1,0,1,2,3,2,1,0,1,0,0,1,2,1,0,0,1,1,0,0,1,2,2,1,0,0,0,1,0,0,0,0,1,2,1,0,1,0,0,0,0,0,1,2,1,0,0,1,0,1,1,0,1,0,0,0,0,1,0,1,0,1,2,2,1,0,1,0,1,1,0,0,0,1,0,1,0,1,0,0,0,0,0,0,1,1,0,0,1,0,0,1,2,1,0,0,1,0,1,2,1,0,0,1,1,0,1,2,3,3,2,1,0,1,0,0,1,2,2,1,0,1,1,0,0,0,1,2,1,0,0,0,1,0,1,2,1,0,1,0,0,0,0,0,1,0,0,1,2,3,3,2,1,0,1,1,0,1,1,0,1,0,1,2,2,1,0,1,2,1,0,1,2,1,0,0,0,1,2,1,0,0,0,1,0,1,1,0,1,1,0,1,0,1,0,1,0,0,0,0,1,0,1,0,0,0,0,0,1,0,0,0,0,1,2,2,1,0,1,2,1,0,1,0,0,1,0,0,0,0,1,0,0,1,0,0,1,0,1,2,2,1,0,0,1,2,1,0,0,0,1,2,1,0,1,0,0,0,0,1,1,0,1,1,0,0,0,0,0,1,1,0,1,0,0,0,1,0,0,1,0,0,0,0,0,1,0,0,0,1,2,1,0,0,1,1,0,0,1,0,0,0,0,0,1,0,0,0,1,2,1,0,0,1,0,0,0,0,0,0,1,1,0,0,1,2,3,3,2,1,0,1,0,1,0,1,1,0,1,1,0,0,1,0,0,1,0,1,1,0,1,0,0,0,0,1,2,3,4,5,5,4,3,2,1,0,0,1,2,1,0,1,1,0,1,2,3,2,1,0,0,1,1,0,1,0,0,1,1,0,1,0,1,1,0,0,0,0,1,1,0,0,0,0,1,0,1,1,0,1,1,0,1,1,0,0,1,2,1,0,1,0,0,1,0,1,0,1,1,0,1,2,1,0,1,0,0,0,0,0,1,0,1,2,3,4,5,5,4,3,2,1,0,1,1,0,1,2,3,4,3,2,1,0,1,1,0,1,0,0,1,0,1,0,0,1,2,1,0,1,0,0,1,1,0,1,0,0,0,0,0,0,1,0,0,0,0,0,1,1,0,0,1,2,1,0,0,0,0,0,1,0,1,0,1,2,1,0,0,0,0,0,0,0,0,0,1,0,1,2,3,2,1,0,0,0,1,0,1,1,0,0,1,0,1,1,0,0,1,0,0,1,2,2,1,0,0,1,0,0,1,0,0,1,0,0,1,0,0,0,0,0,0,1,0,0,1,0,1,1,0,0,1,0,0,1,0,1,0,1,1,0,0,1,2,1,0,0,0,0,0,1,1,0,0,0,1,1,0,0,0,0,1,0,1,2,3,3,2,1,0,0,1,1,0,0,1,0,1,2,3,2,1,0,1,2,1,0,0,1,0,1,1,0,1,0,0,1,2,1,0,0,0,0,1,2,2,1,0,1,2,1,0,0,0,1,0,0,0,0,0,1,0,0,0,1,0,1,2,1,0,1,1,0,1,1,0,0,1,1,0,1,0,1,2,1,0,0,0,0,0,0,1,1,0,0,0,1,1,0,1,0,1,1,0,1,1,0,1,1,0,0,0,1,2,1,0,1,2,3,4,5,4,3,2,1,0,1,2,1,0,0,0,0,0,1,0,1,1,0,0,1,0,0,0,0,1,1,0,0,1,2,3,2,1,0,1,1,0,1,0,1,0,0,0,0,1,0,0,0,1,0,0,1,1,0,1,2,1,0,1,1,0,0,1,2,1,0,0,1,2,2,1,0,1,0,0,0,0,1,0,1,2,3,4,4,3,2,1,0,1,0,0,0,1,2,1,0,0,1,0,0,1,2,1,0,0,1,1,0,1,0,0,1,2,1,0,1,0,1,0,0,0,1,2,1,0,1,2,3,4,5,6,6,5,4,3,2,1,0,0,0,1,2,3,4,5,4,3,2,1,0,1,0,0,0,1,2,2,1,0,1,0,0,1,2,3,2,1,0,0,1,1,0,1,0,1,0,0,1,1,0,0,1,2,2,1,0,1,1,0,1,1,0,0,0,1,0,1,0,1,2,3,3,2,1,0,0,1,0,0,0,0,1,1,0,0,1,2,1,0,1,1,0,0,0,1,0,0,0,0,0,0,0,0,0,0,1,0,1,2,3,4,3,2,1,0,1,0,1,0,0,0,0,1,0,1,2,2,1,0,0,0,1,1,0,0,1,1,0,1,2,2,1,0,1,0,0,1,0,0,0,0,0,0,0,0,1,2,2,1,0,0,0,1,0,0,1,1,0,0,1,1,0,0,1,1,0,0,0,0,1,0,1,1,0,1,1,0,0,1,0,0,1,1,0,1,1,0,0,0,0,1,2,3,2,1,0,0,1,1,0,1,2,2,1,0,1,0,0,0,0,1,2,3,2,1,0,1,1,0,1,1,0,1,1,0,0,1,2,3,2,1,0,0,1,1,0,1,1,0,0,0,0,0,1,0,1,1,0,1,1,0,1,1,0,1,2,1,0,0,1,1,0,0,1,0,1,0,0,0,1,0,1,1,0,0,1,2,3,4,3,2,1,0,1,2,3,3,2,1,0,0,0,0,0,0,0,1,2,1,0,1,2,1,0,1,0,0,1,0,0,1,2,1,0,1,0,0,1,0,0,1,0,0,0,0,0,1,1,0,1,2,1,0,0,1,1,0,0,0,1,2,2,1,0,0,0,0,0,1,1,0,1,1,0,1,2,3,2,1,0,0,1,0,0,0,0,1,2,2,1,0,0,0,0,1,2,1,0,1,0,1,0,0,1,0,1,1,0,0,1,0,0,1,2,1,0,0,0,0,1,0,1,1,0,1,1,0,1,1,0,0,1,1,0,1,2,1,0,0,0,0,1,1,0,0,1,0,0,1,2,2,1,0,0,1,1,0,1,1,0,1,0,1,2,1,0,0,1,0,0,0,0,0,1,0,1,1,0,1,1,0,0,1,0,0,1,2,2,1,0,1,1,0,1,0,1,2,1,0,0,0,0,1,1,0,1,0,1,0,0,0,1,0,0,0,1,1,0,0,1,1,0,0,0,0,0,1,0,0,1,1,0,0,1,2,1,0,0,0,0,1,2,1,0,1,0,0,0,1,1,0,1,0,0,0,1,0,1,0,0,0,1,0,1,2,1,0,1,0,0,0,0,0,1,2,3,3,2,1,0,0,0,1,2,1,0,1,0,1,1,0,1,2,3,4,3,2,1,0,0,0,0,1,2,2,1,0,0,1,0,0,0,0,0,0,1,0,1,2,1,0,1,0,1,1,0,0,1,0,1,0,1,0,0,1,1,0,1,0,1,2,1,0,1,2,1,0,0,0,0,1,0,0,1,0,0,1,2,3,4,3,2,1,0,0,1,2,3,4,4,3,2,1,0,0,1,0,1,1,0,1,1,0,1,0,1,0,0,0,1,1,0,1,0,1,0,0,1,0,0,0,0,0,1,0,0,0,0,0,0,1,0,0,1,2,3,3,2,1,0,1,0,0,1,0,0,0,0,1,2,2,1,0,0,0,0,0,1,0,0,1,0,1,2,3,2,1,0,0,0,1,1,0,0,0,1,0,0,1,1,0,1,1,0,0,1,0,1,0,1,0,0,0,1,0,1,0,0,0,0,1,0,0,1,0,0,0,1,0,1,1,0,0,0,1,2,1,0,0,1,0,0,0,1,0,1,1,0,1,0,0,1,2,2,1,0,1,1,0,0,1,0,0,1,0,1,0,0,1,0,0,0,0,0,1,1,0,1,2,2,1,0,0,1,0,0,0,0,0,0,0,0,1,1,0,0,1,2,2,1,0,1,1,0,0,1,1,0,0,1,0,0,1,2,1,0,1,2,3,4,4,3,2,1,0,0,0,0,1,1,0,1,0,0,0,0,1,0,0,1,0,0,0,0,1,0,0,1,2,3,3,2,1,0,1,0,1,0,1,0,0,0,0,0,1,0,1,1,0,0,0,0,1,1,0,0,1,0,1,1,0,0,0,0,1,0,1,0,0,1,0,1,2,3,3,2,1,0,1,1,0,1,1,0,1,1,0,1,1,0,1,2,2,1,0,1,0,1,2,1,0,1,0,0,1,0,0,0,1,0,1,2,3,2,1,0,1,0,1,2,1,0,0,1,0,1,0,0,0,0,0,0,0,0,1,0,0,0,1,0,1,1,0,0,0,0,1,2,2,1,0,1,0,1,2,1,0,0,0,0,1,0,1,2,1,0,0,1,1,0,0,0,1,0,1,0,1,2,1,0,1,2,1,0,1,0,0,0,1,2,2,1,0,1,1,0,1,1,0,0,0,0,1,1,0,0,0,0,0,1,2,1,0,0,0,1,1,0,0,0,0,0,0,0,0,1,2,3,2,1,0,0,0,0,1,1,0,1,0,0,1,0,1,2,2,1,0,0,1,0,0,0,1,0,1,0,0,0,0,0,1,0,1,2,3,4,3,2,1,0,1,0,0,0,1,0,0,1,1,0,1,0,0,1,0,0,0,0,1,2,1,0,1,0,1,0,0,0,1,1,0,1,1,0,1,0,0,1,0,0,1,0,1,0,1,2,1,0,0,1,0,1,1,0,1,1,0,1,0,0,0,0,1,0,1,0,1,2,3,4,4,3,2,1,0,1,1,0,1,2,3,4,3,2,1,0,0,0,0,0,1,0,0,1,0,0,0,1,1,0,0,1,0,1,1,0,1,2,2,1,0,0,1,0,1,2,3,2,1,0,1,2,3,2,1,0,1,0,1,1,0,1,0,0,0,0,1,0,1,1,0,1,0,1,1,0,1,2,1,0,0,0,1,0,0,1,2,1,0,1,0,0,0,1,0,0,0,1,2,1,0,1,1,0,0,1,0,1,0,0,1,0,1,0,0,1,0,1,2,1,0,1,0,0,0,1,0,1,1,0,0,0,1,2,2,1,0,1,0,0,1,0,0,0,0,1,2,1,0,0,1,0,1,1,0,1,2,2,1,0,1,0,0,0,0,1,0,1,2,2,1,0,1,0,0,1,0,1,1,0,0,0,0,0,1,2,1,0,0,1,2,3,3,2,1,0,1,0,1,0,0,0,1,0,0,1,2,1,0,0,1,2,1,0,1,1,0,0,1,0,1,0,0,0,0,1,0,1,0,0,0,1,2,1,0,0,0,0,0,0,0,0,0,1,2,1,0,1,0,1,0,0,1,1,0,1,2,2,1,0,1,1,0,1,0,1,1,0,1,0,1,1,0,0,1,2,1,0,1,2,1,0,0,0,1,2,1,0,0,1,1,0,0,1,2,1,0,0,0,1,0,0,1,0,1,0,0,1,0,0,0,0,0,1,0,0,1,2,2,1,0,0,1,1,0,1,0,0,1,1,0,1,0,0,1,0,0,0,1,1,0,1,2,1,0,0,1,0,1,1,0,0,0,0,0,0,1,2,3,2,1,0,0,0,1,0,1,0,1,1,0,0,0,0,1,0,1,0,0,0,1,1,0,1,0,1,2,1,0,0,0,1,0,1,1,0,0,1,0,0,1,2,1,0,1,0,1,2,1,0,0,0,0,0,1,1,0,0,0,1,2,1,0,0,1,0,0,0,0,1,0,1,0,0,1,0,1,0,0,0,0,0,1,2,3,2,1,0,0,1,0,0,0,0,1,0,0,1,0,0,0,0,1,2,2,1,0,0,1,2,2,1,0,0,0,0,1,2,1,0,1,0,0,1,0,0,0,1,0,0,0,0,0,0,1,2,2,1,0,0,1,0,1,1,0,0,1,2,3,2,1,0,1,0,0,0,0,1,2,3,2,1,0,1,0,1,1,0,1,0,0,1,0,0,1,0,0,0,1,2,1,0,0,1,2,3,3,2,1,0,1,1,0,0,0,1,0,0,1,2,1,0,0,1,2,3,4,3,2,1,0,0,1,0,1,2,1,0,0,1,0,1,2,2,1,0,0,1,0,0,1,1,0,1,1,0,0,0,0,1,2,1,0,1,2,1,0,1,1,0,1,0,1,2,3,3,2,1,0,1,2,3,3,2,1,0,1,0,0,1,0,1,0,0,0,0,1,2,1,0,0,0,0,1,1,0,1,1,0,0,1,2,1,0,0,1,2,1,0,1,1,0,0,0,1,0,1,1,0,1,1,0,1,2,2,1,0,1,1,0,1,2,1,0,1,1,0,0,0,1,0,1,1,0,1,0,1,0,0,1,1,0,0,1,0,1,0,0,1,1,0,0,0,1,1,0,1,1,0,1,1,0,1,0,1,0,0,0,0,0,0,0,1,2,3,4,4,3,2,1,0,0,0,1,2,1,0,0,1,0,1,0,1,1,0,0,0,0,0,1,2,3,4,5,5,4,3,2,1,0,0,1,2,1,0,0,0,0,0,1,1,0,0,1,0,1,0,1,0,0,0,0,1,0,1,0,0,1,2,2,1,0,0,0,1,2,1,0,1,1,0,0,1,0,1,2,1,0,0,1,2,1,0,1,1,0,0,0,0,0,0,0,0,0,1,0,0,1,0,1,0,1,0,0,1,0,1,0,1,2,1,0,0,0,1,2,3,2,1,0,1,1,0,0,0,0,0,1,2,1,0,1,2,2,1,0,0,1,0,1,1,0,1,2,1,0,0,0,1,0,1,0,0,0,0]]
//code_output:[[0,0,0,0,0,0,0,0,0,0,0,0,0,0,0,0,0,0,0,0,0,0,0,0,0,0,0,0,0,0,0,0,0,0,0,0,0,0,0,0,0,0,0,0,0,0,0,0,0,0,0,0,0,0,0,0,0,0,0,0,0,0,0,0,0,0,0,0,0,0,0,0,0,0,0,0,0,0,0,0,0,0,0,0,0,0,0,0,0,0,0,0,0,0,0,0,0,0,0,0,0,0,0,0,0,0,0,0,0,0,0,0,0,0,0,0,0,0,0,0,0,0,0,0,0,0,0,0,0,0,0,0,0,0,0,0,0,0,0,0,0,0,0,0,0,0,0,0,0,0,0,0,0,0,0,0,0,0,0,0,0,0,0,0,0,0,0,0,0,0,0,0,0,0,0,0,0,0,0,0,0,0,0,0,0,0,0,0,0,0,0,0,0,0,0,0,0,0,0,0,0,0,0,0,0,0,0,0,0,0,0,0,0,0,0,0,0,0,0,0,0,0,0,0,0,0,0,0,0,0,0,0,0,0,0,0,0,0,0,0,0,0,0,0,0,0,0,0,0,0,0,0,0,0,0,0,0,0,0,0,0,0,0,0,0,0,0,0,0,0,0,0,0,0,0,0,0,0,0,0,0,0,0,0,0,0,0,0,0,0,0,0,0,0,0,0,0,0,0,0,0,0,0,0,0,0,0,0,0,0,0,0,0,0,0,0,0,0,0,0,0,0,0,0,0,0,0,0,0,0,0,0,0,0,0,0,0,0,0,0,0,0,0,0,0,0,0,0,0,0,0,0,0,0,0,0,0,0,0,0,0,0,0,0,0,0,0,0,0,0,0,0,0,0,0,0,0,0,0,0,0,0,0,0,0,0,0,0,0,0,0,0,0,0,0,0,0,0,0,0,0,0,0,0,0,0,0,0,0,0,0,0,0,0,0,0,0,0,0,0,0,0,0,0,0,0,0,0,0,0,0,0,0,0,0,0,0,0,0,0,0,0,0,0,0,0,0,0,0,0,0,0,0,0,0,0,0,0,0,0,0,0,0,0,0,0,0,0,0,0,0,0,0,0,0,0,0,0,0,0,0,0,0,0,0,0,0,0,0,0,0,0,0,0,0,0,0,0,0,0,0,0,0,0,0,0,0,0,0,0,0,0,0,0,0,0,0,0,0,0,0,0,0,0,0,0,0,0,0,0,0,0,0,0,0,0,0,0,0,0,0,0,0,0,0,0,0,0,0,0,0,0,0,0,0,0,0,0,0,0,0,0,0,0,0,0,0,0,0,0,0,0,0,0,0,0,0,0,0,0,0,0,0,0,0,0,0,0,0,0,0,0,0,0,0,0,0,0,0,0,0,0,0,0,0,0,0,0,0,0,0,0,0,0,0,0,0,0,0,0,0,0,0,0,0,0,0,0,0,0,0,0,0,0,0,0,0,0,0,0,0,0,0,0,0,0,0,0,0,0,0,0,0,0,0,0,0,0,0,0,0,0,0,0,0,0,0,0,0,0,0,0,0,0,0,0,0,0,0,0,0,0,0,0,0,0,0,0,0,0,0,0,0,0,0,0,0,0,0,0,0,0,0,0,0,0,0,0,0,0,0,0,0,0,0,0,0,0,0,0,0,0,0,0,0,0,0,0,0,0,0,0,0,0,0,0,0,0,0,0,0,0,0,0,0,0,0,0,0,0,0,0,0,0,0,0,0,0,0,0,0,0,0,0,0,0,0,0,0,0,0,0,0,0,0,0,0,0,0,0,0,0,0,0,0,0,0,0,0,0,0,0,0,0,0,0,0,0,0,0,0,0,0,0,0,0,0,0,0,0,0,0,0,0,0,0,0,0,0,0,0,0,0,0,0,0,0,0,0,0,0,0,0,0,0,0,0,0,0,0,0,0,0,0,0,0,0,0,0,0,0,0,0,0,0,0,0,0,0,0,0,0,0,0,0,0,0,0,0,0,0,0,0,0,0,0,0,0,0,0,0,0,0,0,0,0,0,0,0,0,0,0,0,0,0,0,0,0,0,0,0,0,0,0,0,0,0,0,0,0,0,0,0,0,0,0,0,0,0,0,0,0,0,0,0,0,0,0,0,0,0,0,0,0,0,0,0,0,0,0,0,0,0,0,0,0,0,0,0,0,0,0,0,0,0,0,0,0,0,0,0,0,0,0,0,0,0,0,0,0,0,0,0,0,0,0,0,0,0,0,0,0,0,0,0,0,0,0,0,0,0,0,0,0,0,0,0,0,0,0,0,0,0,0,0,0,0,0,0,0,0,0,0,0,0,0,0,0,0,0,0,0,0,0,0,0,0,0,0,0,0,0,0,0,0,0,0,0,0,0,0,0,0,0,0,0,0,0,0,0,0,0,0,0,0,0,0,0,0,0,0,0,0,0,0,0,0,0,0,0,0,0,0,0,0,0,0,0,0,0,0,0,0,0,0,0,0,0,0,0,0,0,0,0,0,0,0,0,0,0,0,0,0,0,0,0,0,0,0,0,0,0,0,0,0,0,0,0,0,0,0,0,0,0,0,0,0,0,0,0,0,0,0,0,0,0,0,0,0,0,0,0,0,0,0,0,0,0,0,0,0,0,0,0,0,0,0,0,0,0,0,0,0,0,0,0,0,0,0,0,0,0,0,0,0,0,0,0,0,0,0,0,0,0,0,0,0,0,0,0,0,0,0,0,0,0,0,0,0,0,0,0,0,0,0,0,0,0,0,0,0,0,0,0,0,0,0,0,0,0,0,0,0,0,0,0,0,0,0,0,0,0,0,0,0,0,0,0,0,0,0,0,0,0,0,0,0,0,0,0,0,0,0,0,0,0,0,0,0,0,0,0,0,0,0,0,0,0,0,0,0,0,0,0,0,0,0,0,0,0,0,0,0,0,0,0,0,0,0,0,0,0,0,0,0,0,0,0,0,0,0,0,0,0,0,0,0,0,0,0,0,0,0,0,0,0,0,0,0,0,0,0,0,0,0,0,0,0,0,0,0,0,0,0,0,0,0,0,0,0,0,0,0,0,0,0,0,0,0,0,0,0,0,0,0,0,0,0,0,0,0,0,0,0,0,0,0,0,0,0,0,0,0,0,0,0,0,0,0,0,0,0,0,0,0,0,0,0,0,0,0,0,0,0,0,0,0,0,0,0,0,0,0,0,0,0,0,0,0,0,0,0,0,0,0,0,0,0,0,0,0,0,0,0,0,0,0,0,0,0,0,0,0,0,0,0,0,0,0,0,0,0,0,0,0,0,0,0,0,0,0,0,0,0,0,0,0,0,0,0,0,0,0,0,0,0,0,0,0,0,0,0,0,0,0,0,0,0,0,0,0,0,0,0,0,0,0,0,0,0,0,0,0,0,0,0,0,0,0,0,0,0,0,0,0,0,0,0,0,0,0,0,0,0,0,0,0,0,0,0,0,0,0,0,0,0,0,0,0,0,0,0,0,0,0,0,0,0,0,0,0,0,0,0,0,0,0,0,0,0,0,0,0,0,0,0,0,0,0,0,0,0,0,0,0,0,0,0,0,0,0,0,0,0,0,0,0,0,0,0,0,0,0,0,0,0,0,0,0,0,0,0,0,0,0,0,0,0,0,0,0,0,0,0,0,0,0,0,0,0,0,0,0,0,0,0,0,0,0,0,0,0,0,0,0,0,0,0,0,0,0,0,0,0,0,0,0,0,0,0,0,0,0,0,0,0,0,0,0,0,0,0,0,0,0,0,0,0,0,0,0,0,0,0,0,0,0,0,0,0,0,0,0,0,0,0,0,0,0,0,0,0,0,0,0,0,0,0,0,0,0,0,0,0,0,0,0,0,0,0,0,0,0,0,0,0,0,0,0,0,0,0,0,0,0,0,0,0,0,0,0,0,0,0,0,0,0,0,0,0,0,0,0,0,0,0,0,0,0,0,0,0,0,0,0,0,0,0,0,0,0,0,0,0,0,0,0,0,0,0,0,0,0,0,0,0,0,0,0,0,0,0,0,0,0,0,0,0,0,0,0,0,0,0,0,0,0,0,0,0,0,0,0,0,0,0,0,0,0,0,0,0,0,0,0,0,0,0,0,0,0,0,0,0,0,0,0,0,0,0,0,0,0,0,0,0,0,0,0,0,0,0,0,0,0,0,0,0,0,0,0,0,0,0,0,0,0,0,0,0,0,0,0,0,0,0,0,0,0,0,0,0,0,0,0,0,0,0,0,0,0,0,0,0,0,0,0,0,0,0,0,0,0,0,0,0,0,0,0,0,0,0,0,0,0,0,0,0,0,0,0,0,0,0,0,0,0,0,0,0,0,0,0,0,0,0,0,0,0,0,0,0,0,0,0,0,0,0,0,0,0,0,0,0,0,0,0,0,0,0,0,0,0,0,0,0,0,0,0,0,0,0,0,0,0,0,0,0,0,0,0,0,0,0,0,0,0,0,0,0,0,0,0,0,0,0,0,0,0,0,0,0,0,0,0,0,0,0,0,0,0,0,0,0,0,0,0,0,0,0,0,0,0,0,0,0,0,0,0,0,0,0,0,0,0,0,0,0,0,0,0,0,0,0,0,0,0,0,0,0,0,0,0,0,0,0,0,0,0,0,0,0,0,0,0,0,0,0,0,0,0,0,0,0,0,0,0,0,0,0,0,0,0,0,0,0,0,0,0,0,0,0,0,0,0,0,0,0,0,0,0,0,0,0,0,0,0,0,0,0,0,0,0,0,0,0,0,0,0,0,0,0,0,0,0,0,0,0,0,0,0,0,0,0,0,0,0,0,0,0,0,0,0,0,0,0,0,0,0,0,0,0,0,0,0,0,0,0,0,0,0,0,0,0,0,0,0,0,0,0,0,0,0,0,0,0,0,0,0,0,0,0,0,0,0,0,0,0,0,0,0,0,0,0,0,0,0,0,0,0,0,0,0,0,0,0,0,0,0,0,0,0,0,0,0,0,0,0,0,0,0,0,0,0,0,0,0,0,0,0,0,0,0,0,0,0,0,0,0,0,0,0,0,0,0,0,0,0,0,0,0,0,0,0,0,0,0,0,0,0,0,0,0,0,0,0,0,0,0,0,0,0,0,0,0,0,0,0,0,0,0,0,0,0,0,0,0,0,0,0,0,0,0,0,0,0,0,0,0,0,0,0,0,0,0,0,0,0,0,0,0,0,0,0,0,0,0,0,0,0,0,0,0,0,0,0,0,0,0,0,0,0,0,0,0,0,0,0,0,0,0,0,0,0,0,0,0,0,0,0,0,0,0,0,0,0,0,0,0,0,0,0,0,0,0,0,0,0,0,0,0,0,0,0,0,0,0,0,0,0,0,0,0,0,0,0,0,0,0,0,0,0,0,0,0,0,0,0,0,0,0,0,0,0,0,0,0,0,0,0,0,0,0,0,0,0,0,0,0,0,0,0,0,0,0,0,0,0,0,0,0,0,0,0,0,0,0,0,0,0,0,0,0,0,0,0,0,0,0,0,0,0,0,0,0,0,0,0,0,0,0,0,0,0,0,0,0,0,0,0,0,0,0,0,0,0,0,0,0,0,0,0,0,0,0,0,0,0,0,0,0,0,0,0,0,0,0,0,0,0,0,0,0,0,0,0,0,0,0,0,0,0,0,0,0,0,0,0,0,0,0,0,0,0,0,0,0,0,0,0,0,0,0,0,0,0,0,0,0,0,0,0,0,0,0,0,0,0,0,0,0,0,0,0,0,0,0,0,0,0,0,0,0,0,0,0,0,0,0,0,0,0,0,0,0,0,0,0,0,0,0,0,0,0,0,0,0,0,0,0,0,0,0,0,0,0,0,0,0,0,0,0,0,0,0,0,0,0,0,0,0,0,0,0,0,0,0,0,0,0,0,0,0,0,0,0,0,0,0,0,0,0,0,0,0,0,0,0,0,0,0,0,0,0,0,0,0,0,0,0,0,0,0,0,0,0,0,0,0,0,0,0,0,0,0,0,0,0,0,0,0,0,0,0,0,0,0,0,0,0,0,0,0,0,0,0,0,0,0,0,0,0,0,0,0,0,0,0,0,0,0,0,0,0,0,0,0,0,0,0,0,0,0,0,0,0,0,0,0,0,0,0,0,0,0,0,0,0,0,0,0,0,0,0,0,0,0,0,0,0,0,0,0,0,0,0,0,0,0,0,0,0,0,0,0,0,0,0,0,0,0,0,0,0,0,0,0,0,0,0,0,0,0,0,0,0,0,0,0,0,0,0,0,0,0,0,0,0,0,0,0,0,0,0,0,0,0,0,0,0,0,0,0,0,0,0,0,0,0,0,0,0,0,0,0,0,0,0,0,0,0,0,0,0,0,0,0,0,0,0,0,0,0,0,0,0,0,0,0,0,0,0,0,0,0,0,0,0,0,0,0,0,0,0,0,0,0,0,0,0,0,0,0,0,0,0,0,0,0,0,0,0,0,0,0,0,0,0,0,0,0,0,0,0,0,0,0,0,0,0,0,0,0,0,0,0,0,0,0,0,0,0,0,0,0,0,0,0,0,0,0,0,0,0,0,0,0,0,0,0,0,0,0,0,0,0,0,0,0,0,0,0,0,0,0,0,0,0,0,0,0,0,0,0,0,0,0,0,0,0,0,0,0,0,0,0,0,0,0,0,0,0,0,0,0,0,0,0,0,0,0,0,0,0,0,0,0,0,0,0,0,0,0,0,0,0,0,0,0,0,0,0,0,0,0,0,0,0,0,0,0,0,0,0,0,0,0,0,0,0,0,0,0,0,0,0,0,0,0,0,0,0,0,0,0,0,0,0,0,0,0,0,0,0,0,0,0,0,0,0,0,0,0,0,0,0,0,0,0,0,0,0,0,0,0,0,0,0,0,0,0,0,0,0,0,0,0,0,0,0,0,0,0,0,0,0,0,0,0,0,0,0,0,0,0,0,0,0,0,0,0,0,0,0,0,0,0,0,0,0,0,0,0,0,0,0,0,0,0,0,0,0,0,0,0,0,0,0,0,0,0,0,0,0,0,0,0,0,0,0,0,0,0,0,0,0,0,0,0,0,0,0,0,0,0,0,0,0,0,0,0,0,0,0,0,0,0,0,0,0,0,0,0,0,0,0,0,0,0,0,0,0,0,0,0,0,0,0,0,0,0,0,0,0,0,0,0,0,0,0,0,0,0,0,0,0,0,0,0,0,0,0,0,0,0,0,0,0,0,0,0,0,0,0,0,0,0,0,0,0,0,0,0,0,0,0,0,0,0,0,0,0,0,0,0,0,0,0,0,0,0,0,0,0,0,0,0,0,0,0,0,0,0,0,0,0,0,0,0,0,0,0,0,0,0,0,0,0,0,0,0,0,0,0,0,0,0,0,0,0,0,0,0,0,0,0,0,0,0,0,0,0,0,0,0,0,0,0,0,0,0,0,0,0,0,0,0,0,0,0,0,0,0,0,0,0,0,0,0,0,0,0,0,0,0,0,0,0,0,0,0,0,0,0,0,0,0,0,0,0,0,0,0,0,0,0,0,0,0,0,0,0,0,0,0,0,0,0,0,0,0,0,0,0,0,0,0,0,0,0,0,0,0,0,0,0,0,0,0,0,0,0,0,0,0,0,0,0,0,0,0,0,0,0,0,0,0,0,0,0,0,0,0,0,0,0,0,0,0,0,0,0,0,0,0,0,0,0,0,0,0,0,0,0,0,0,0,0,0,0,0,0,0,0,0,0,0,0,0,0,0,0,0,0,0,0,0,0,0,0,0,0,0,0,0,0,0,0,0,0,0,0,0,0,0,0,0,0,0,0,0,0,0,0,0,0,0,0,0,0,0,0,0,0,0,0,0,0,0,0,0,0,0,0,0,0,0,0,0,0,0,0,0,0,0,0,0,0,0,0,0,0,0,0,0,0,0,0,0,0,0,0,0,0,0,0,0,0,0,0,0,0,0,0,0,0,0,0,0,0,0,0,0,0,0,0,0,0,0,0,0,0,0,0,0,0,0,0,0,0,0,0,0,0,0,0,0,0,0,0,0,0,0,0,0,0,0,0,0,0,0,0,0,0,0,0,0,0,0,0,0,0,0,0,0,0,0,0,0,0,0,0,0,0,0,0,0,0,0,0,0,0,0,0,0,0,0,0,0,0,0,0,0,0,0,0,0,0,0,0,0,0,0,0,0,0,0,0,0,0,0,0,0,0,0,0,0,0,0,0,0,0,0,0,0,0,0,0,0,0,0,0,0,0,0,0,0,0,0,0,0,0,0,0,0,0,0,0,0,0,0,0,0,0,0,0,0,0,0,0,0,0,0,0,0,0,0,0,0,0,0,0,0,0,0,0,0,0,0,0,0,0,0,0,0,0,0,0,0,0,0,0,0,0,0,0,0,0,0,0,0,0,0,0,0,0,0,0,0,0,0,0,0,0,0,0,0,0,0,0,0,0,0,0,0,0,0,0,0,0,0,0,0,0,0,0,0,0,0,0,0,0,0,0,0,0,0,0,0,0,0,0,0,0,0,0,0,0,0,0,0,0,0,0,0,0,0,0,0,0,0,0,0,0,0,0,0,0,0,0,0,0,0,0,0,0,0,0,0,0,0,0,0,0,0,0,0,0,0,0,0,0,0,0,0,0,0,0,0,0,0,0,0,0,0,0,0,0,0,0,0,0,0,0,0,0,0,0,0,0,0,0,0,0,0,0,0,0,0,0,0,0,0,0,0,0,0,0,0,0,0,0,0,0,0,0,0,0,0,0,0,0,0,0,0,0,0,0,0,0,0,0,0,0,0,0,0,0,0,0,0,0,0,0,0,0,0,0,0,0,0,0,0,0,0,0,0,0,0,0,0,0,0,0,0,0,0,0,0,0,0,0,0,0,0,0,0,0,0,0,0,0,0,0,0,0,0,0,0,0,0,0,0,0,0,0,0,0,0,0,0,0,0,0,0,0,0,0,0,0,0,0,0,0,0,0,0,0,0,0,0,0,0,0,0,0,0,0,0,0,0,0,0,0,0,0,0,0,0,0,0,0,0,0,0,0,0,0,0,0,0,0,0,0,0,0,0,0,0,0,0,0,0,0,0,0,0,0,0,0,0,0,0,0,0,0,0,0,0,0,0,0,0,0,0,0,0,0,0,0,0,0,0,0,0,0,0,0,0,0,0,0,0,0,0,0,0,0,0,0,0,0,0,0,0,0,0,0,0,0,0,0,0,0,0,0,0,0,0,0,0,0,0,0,0,0,0,0,0,0,0,0,0,0,0,0,0,0,0,0,0,0,0,0,0,0,0,0,0,0,0,0,0,0,0,0,0,0,0,0,0,0,0,0,0,0,0,0,0,0,0,0,0,0,0,0,0,0,0,0,0,0,0,0,0,0,0,0,0,0,0,0,0,0,0,0,0,0,0,0,0,0,0,0,0,0,0,0,0,0,0,0,0,0,0,0,0,0,0,0,0,0,0,0,0,0,0,0,0,0,0,0,0,0,0,0,0,0,0,0,0,0,0,0,0,0,0,0,0,0,0,0,0,0,0,0,0,0,0,0,0,0,0,0,0,0,0,0,0,0,0,0,0,0,0,0,0,0,0,0,0,0,0,0,0,0,0,0,0,0,0,0,0,0,0,0,0,0,0,0,0,0,0,0,0,0,0,0,0,0,0,0,0,0,0,0,0,0,0,0,0,0,0,0,0,0,0,0,0,0,0,0,0,0,0,0,0,0,0,0,0,0,0,0,0,0,0,0,0,0,0,0,0,0,0,0,0,0,0,0,0,0,0,0,0,0,0,0,0,0,0,0,0,0,0,0,0,0,0,0,0,0,0,0,0,0,0,0,0,0,0,0,0,0,0,0,0,0,0,0,0,0,0,0,0,0,0,0,0,0,0,0,0,0,0,0,0,0,0,0,0,0,0,0,0,0,0,0,0,0,0,0,0,0,0,0,0,0,0,0,0,0,0,0,0,0,0,0,0,0,0,0,0,0,0,0,0,0,0,0,0,0,0,0,0,0,0,0,0,0,0,0,0,0,0,0,0,0,0,0,0,0,0,0,0,0,0,0,0,0,0,0,0,0,0,0,0,0,0,0,0,0,0,0,0,0,0,0,0,0,0,0,0,0,0,0,0,0,0,0,0,0,0,0,0,0,0,0,0,0,0,0,0,0,0,0,0,0,0,0,0,0,0,0,0,0,0,0,0,0,0,0,0,0,0,0,0,0,0,0,0,0,0,0,0,0,0,0,0,0,0,0,0,0,0,0,0,0,0,0,0,0,0,0,0,0,0,0,0,0,0,0,0,0,0,0,0,0,0,0,0,0,0,0,0,0,0,0,0,0,0,0,0,0,0,0,0,0,0,0,0,0,0,0,0,0,0,0,0,0,0,0,0,0,0,0,0,0,0,0,0,0,0,0,0,0,0,0,0,0,0,0,0,0,0,0,0,0,0,0,0,0,0,0,0,0,0,0,0,0,0,0,0,0,0,0,0,0,0,0,0,0,0,0,0,0,0,0,0,0,0,0,0,0,0,0,0,0,0,0,0,0,0,0,0,0,0,0,0,0,0,0,0,0,0,0,0,0,0,0,0,0,0,0,0,0,0,0,0,0,0,0,0,0,0,0,0,0,0,0,0,0,0,0,0,0,0,0,0,0,0,0,0,0,0,0,0,0,0,0,0,0,0,0,0,0,0,0,0,0,0,0,0,0,0,0,0,0,0,0,0,0,0,0,0,0,0,0,0,0,0,0,0,0,0,0,0,0,0,0,0,0,0,0,0,0,0,0,0,0,0,0,0,0,0,0,0,0,0,0,0,0,0,0,0,0,0,0,0,0,0,0,0,0,0,0,0,0,0,0,0,0,0,0,0,0,0,0,0,0,0,0,0,0,0,0,0,0,0,0,0,0,0,0,0,0,0,0,0,0,0,0,0,0,0,0,0,0,0,0,0,0,0,0,0,0,0,0,0,0,0,0,0,0,0,0,0,0,0,0,0,0,0,0,0,0,0,0,0,0,0,0,0,0,0,0,0,0,0,0,0,0,0,0,0,0,0,0,0,0,0,0,0,0,0,0,0,0,0,0,0,0,0,0,0,0,0,0,0,0,0,0,0,0,0,0,0,0,0,0,0,0,0,0,0,0,0,0,0,0,0,0,0,0,0,0,0,0,0,0,0,0,0,0,0,0,0,0,0,0,0,0,0,0,0,0,0,0,0,0,0,0,0,0,0,0,0,0,0,0,0,0,0,0,0,0,0,0,0,0,0,0,0,0,0,0,0,0,0,0,0,0,0,0,0,0,0,0,0,0,0,0,0,0,0,0,0,0,0,0,0,0,0,0,0,0,0,0,0,0,0,0,0,0,0,0,0,0,0,0,0,0,0,0,0,0,0,0,0,0,0,0,0,0,0,0,0,0,0,0,0,0,0,0,0,0,0,0,0,0,0,0,0,0,0,0,0,0,0,0,0,0,0,0,0,0,0,0,0,0,0,0,0,0,0,0,0,0,0,0,0,0,0,0,0,0,0,0,0,0,0,0,0,0,0,0,0,0,0,0,0,0,0,0,0,0,0,0,0,0,0,0,0,0,0,0,0,0,0,0,0,0,0,0,0,0,0,0,0,0,0,0,0,0,0,0,0,0,0,0,0,0,0,0,0,0,0,0,0,0,0,0,0,0,0,0,0,0,0,0,0,0,0,0,0,0,0,0,0,0,0,0,0,0,0,0,0,0,0,0,0,0,0,0,0,0,0,0,0,0,0,0,0,0,0,0,0,0,0,0,0,0,0,0,0,0,0,0,0,0,0,0,0,0,0,0,0,0,0,0,0,0,0,0,0,0,0,0,0,0,0,0,0,0,0,0,0,0,0,0,0,0,0,0,0,0,0,0,0,0,0,0,0,0,0,0,0,0,0,0,0,0,0,0,0,0,0,0,0,0,0,0,0,0,0,0,0,0,0,0,0,0,0,0,0,0,0,0,0,0,0,0,0,0,0,0,0,0,0,0,0,0,0,0,0,0,0,0,0,0,0,0,0,0,0,0,0,0,0,0,0,0,0,0,0,0,0,0,0,0,0,0,0,0,0,0,0,0,0,0,0,0,0,0,0,0,0,0,0,0,0,0,0,0,0,0,0,0,0,0,0,0,0,0,0,0,0,0,0,0,0,0,0,0,0,0,0,0,0,0,0,0,0,0,0,0,0,0,0,0,0,0,0,0,0,0,0,0,0,0,0,0,0,0,0,0,0,0,0,0,0,0,0,0,0,0,0,0,0,0,0,0,0,0,0,0,0,0,0,0,0,0,0,0,0,0,0,0,0,0,0,0,0,0,0,0,0,0,0,0,0,0,0,0,0,0,0,0,0,0,0,0,0,0,0,0,0,0,0,0,0,0,0,0,0,0,0,0,0,0,0,0,0,0,0,0,0,0,0,0,0,0,0,0,0,0,0,0,0,0,0,0,0,0,0,0,0,0,0,0,0,0,0,0,0,0,0,0,0,0,0,0,0,0,0,0,0,0,0,0,0,0,0,0,0,0,0,0,0,0,0,0,0,0,0,0,0,0,0,0,0,0,0,0,0,0,0,0,0,0,0,0,0,0,0,0,0,0,0,0,0,0,0,0,0,0,0,0,0,0,0,0,0,0,0,0,0,0,0,0,0,0,0,0,0,0,0,0,0,0,0,0,0,0,0,0,0,0,0,0,0,0,0,0,0,0,0,0,0,0,0,0,0,0,0,0,0,0,0,0,0,0,0,0,0,0,0,0,0,0,0,0,0,0,0,0,0,0,0,0,0,0,0,0,0,0,0,0,0,0,0,0,0,0,0,0,0,0,0,0,0,0,0,0,0,0,0,0,0,0,0,0,0,0,0,0,0,0,0,0,0,0,0,0,0,0,0,0,0,0,0,0,0,0,0,0,0,0,0,0,0,0,0,0,0,0,0,0,0,0,0,0,0,0,0,0,0,0,0,0,0,0,0,0,0,0,0,0,0,0,0,0,0,0,0,0,0,0,0,0,0,0,0,0,0,0,0,0,0,0,0,0,0,0,0,0,0,0,0,0,0,0,0,0,0,0,0,0,0,0,0,0,0,0,0,0,0,0,0,0,0,0,0,0,0,0,0,0,0,0,0,0,0,0,0,0,0,0,0,0,0,0,0,0,0,0,0,0,0,0,0,0,0,0,0,0,0,0,0,0,0,0,0,0,0,0,0,0,0,0,0,0,0,0,0,0,0,0,0,0,0,0,0,0,0,0,0,0,0,0,0,0,0,0,0,0,0,0,0,0,0,0,0,0,0,0,0,0,0,0,0,0,0,0,0,0,0,0,0,0,0,0,0,0,0,0,0,0,0,0,0,0,0,0,0,0,0,0,0,0,0,0,0,0,0,0,0,0,0,0,0,0,0,0,0,0,0,0,0,0,0,0,0,0,0,0,0,0,0,0,0,0,0,0,0,0,0,0,0,0,0,0,0,0,0,0,0,0,0,0,0,0,0,0,0,0,0,0,0,0,0,0,0,0,0,0,0,0,0,0,0,0,0,0,0,0,0,0,0,0,0,0,0,0,0,0,0,0,0,0,0,0,0,0,0,0,0,0,0,0,0,0,0,0,0,0,0,0,0,0,0,0,0,0,0,0,0,0,0,0,0,0,0,0,0,0,0,0,0,0,0,0,0,0,0,0,0,0,0,0,0,0,0,0,0,0,0,0,0,0,0,0,0,0,0,0,0,0,0,0,0,0,0,0,0,0,0,0,0,0,0,0,0,0,0,0,0,0,0,0,0,0,0,0,0,0,0,0,0,0,0,0,0,0,0,0,0,0,0,0,0,0,0,0,0,0,0,0,0,0,0,0,0,0,0,0,0,0,0,0,0,0,0,0,0,0,0,0,0,0,0,0,0,0,0,0,0,0,0,0,0,0,0,0,0,0,0,0,0,0,0,0,0,0,0,0,0,0,0,0,0,0,0,0,0,0,0,0,0,0,0,0,0,0,0,0,0,0,0,0,0,0,0,0,0,0,0,0,0,0,0,0,0,0,0,0,0,0,0,0,0,0,0,0,0,0,0,0,0,0,0,0,0,0,0,0,0,0,0,0,0,0,0,0,0,0,0,0,0,0,0,0,0,0,0,0,0,0,0,0,0,0,0,0,0,0,0,0,0,0,0,0,0,0,0,0,0,0,0,0,0,0,0,0,0,0,0,0,0,0,0,0,0,0,0,0,0,0,0,0,0,0,0,0,0,0,0,0,0,0,0,0,0,0,0,0,0,0,0,0,0,0,0,0,0,0,0,0,0,0,0,0,0,0,0,0,0,0,0,0,0,0,0,0,0,0,0,0,0,0,0,0,0,0,0,0,0,0,0,0,0,0,0,0,0,0,0,0,0,0,0,0,0,0,0,0,0,0,0,0,0,0,0,0,0,0,0,0,0,0,0,0,0,0,0,0,0,0,0,0,0,0,0,0,0,0,0,0,0,0,0,0,0,0,0,0,0,0,0,0,0,0,0,0,0,0,0,0,0,0,0,0,0,0,0,0,0,0,0,0,0,0,0,0,0,0,0,0,0,0,0,0,0,0,0,0,0,0,0,0,0,0,0,0,0,0,0,0,0,0,0,0,0,0,0,0,0,0,0,0,0,0,0,0,0,0,0,0,0,0,0,0,0,0,0,0,0,0,0,0,0,0,0,0,0,0,0,0,0,0,0,0,0,0,0,0,0,0,0,0,0,0,0,0,0,0,0,0,0,0,0,0,0,0,0,0,0,0,0,0,0,0,0,0,0,0,0,0,0,0,0,0,0,0,0,0,0,0,0,0,0,0,0,0,0,0,0,0,0,0,0,0,0,0,0,0,0,0,0,0,0,0,0,0,0,0,0,0,0,0,0,0,0,0,0,0,0,0,0,0,0,0,0,0,0,0,0,0,0,0,0,0,0,0,0,0,0,0,0,0,0,0,0,0,0,0,0,0,0,0,0,0,0,0,0,0,0,0,0,0,0,0,0,0,0,0,0,0,0,0,0,0,0,0,0,0,0,0,0,0,0,0,0,0,0,0,0,0,0,0,0,0,0,0,0,0,0,0,0,0,0,0,0,0,0,0,0,0,0,0,0,0,0,0,0,0,0,0,0,0,0,0,0,0,0,0,0,0,0,0,0,0,0,0,0,0,0,0,0,0,0,0,0,0,0,0,0,0,0,0,0,0,0,0,0,0,0,0,0,0,0,0,0,0,0,0,0,0,0,0,0,0,0,0,0,0,0,0,0,0,0,0,0,0,0,0,0,0,0,0,0,0,0,0,0,0,0,0,0,0,0,0,0,0,0,0,0,0,0,0,0,0,0,0,0,0,0,0,0,0,0,0,0,0,0,0,0,0,0,0,0,0,0,0,0,0,0,0,0,0,0,0,0,0,0,0,0,0,0,0,0,0,0,0,0,0,0,0,0,0,0,0,0,0,0,0,0,0,0,0,0,0,0,0,0,0,0,0,0,0,0,0,0,0,0,0,0,0,0,0,0,0,0,0,0,0,0,0,0,0,0,0,0,0,0,0,0,0,0,0,0,0,0,0,0,0,0,0,0,0,0,0,0,0,0,0,0,0,0,0,0,0,0,0,0,0,0,0,0,0,0,0,0,0,0,0,0,0,0,0,0,0,0,0,0,0,0,0,0,0,0,0,0,0,0,0,0,0,0,0,0,0,0,0,0,0,0,0,0,0,0,0,0,0,0,0,0,0,0,0,0,0,0,0,0,0,0,0,0,0,0,0,0,0,0,0,0,0,0,0,0,0,0,0,0,0,0,0,0,0,0,0,0,0,0,0,0,0,0,0,0,0,0,0,0,0,0,0,0,0,0,0,0,0,0,0,0,0,0,0,0,0,0,0,0,0,0,0,0,0,0,0,0,0,0,0,0,0,0,0,0,0,0,0,0,0,0,0,0,0,0,0,0,0,0,0,0,0,0,0,0,0,0,0,0,0,0,0,0,0,0,0,0,0,0,0,0,0,0,0,0,0,0,0,0,0,0,0,0,0,0,0,0,0,0,0,0,0,0,0,0,0,0,0,0,0,0,0,0,0,0,0,0,0,0,0,0,0,0,0,0,0,0,0,0,0,0,0,0,0,0,0,0,0,0,0,0,0,0,0,0,0,0,0,0,0,0,0,0,0,0,0,0,0,0,0,0,0,0,0,0,0,0,0,0,0,0,0,0,0,0,0,0,0,0,0,0,0,0,0,0,0,0,0,0,0,0,0,0,0,0,0,0,0,0,0,0,0,0,0,0,0,0,0,0,0,0,0,0,0,0,0,0,0,0,0,0,0,0,0,0,0,0,0,0,0,0,0,0,0,0,0,0,0,0,0,0,0,0,0,0,0,0,0,0,0,0,0,0,0,0,0,0,0,0,0,0,0,0,0,0,0,0,0,0,0,0,0,0,0,0,0,0,0,0,0,0,0,0,0,0,0,0,0,0,0,0,0,0,0,0,0,0,0,0,0,0,0,0,0,0,0,0,0,0,0,0,0,0,0,0,0,0,0,0,0,0,0,0,0,0,0,0,0,0,0,0,0,0,0,0,0,0,0,0,0,0,0,0,0,0,0,0,0,0,0,0,0,0,0,0,0,0,0,0,0,0,0,0,0,0,0,0,0,0,0,0,0,0,0,0,0,0,0,0,0,0,0,0,0,0,0,0,0,0,0,0,0,0,0,0,0,0,0,0,0,0,0,0,0,0,0,0,0,0,0,0,0,0,0,0,0,0,0,0,0,0,0,0,0,0,0,0,0,0,0,0,0,0,0,0,0,0,0,0,0,0,0,0,0,0,0,0,0,0,0,0,0,0,0,0,0,0,0,0,0,0,0,0,0,0,0,0,0,0,0,0,0,0,0,0,0,0,0,0,0,0,0,0,0,0,0,0,0,0,0,0,0,0,0,0,0,0,0,0,0,0,0,0,0,0,0,0,0,0,0,0,0,0,0,0,0,0,0,0,0,0,0,0,0,0,0,0,0,0,0,0,0,0,0,0,0,0,0,0,0,0,0,0,0,0,0,0,0,0,0,0,0,0,0,0,0,0,0,0,0,0,0,0,0,0,0,0,0,0,0,0,0,0,0,0,0,0,0,0,0,0,0,0,0,0,0,0,0,0,0,0,0,0,0,0,0,0,0,0,0,0,0,0,0,0,0,0,0,0,0,0,0,0,0,0,0,0,0,0,0,0,0,0,0,0,0,0,0,0,0,0,0,0,0,0,0,0,0,0,0,0,0,0,0,0,0,0,0,0,0,0,0,0,0,0,0,0,0,0,0,0,0,0,0,0,0,0,0,0,0,0,0,0,0,0,0,0,0,0,0,0,0,0,0,0,0,0,0,0,0,0,0,0,0,0,0,0,0,0,0,0,0,0,0,0,0,0,0,0,0,0,0,0,0,0,0,0,0,0,0,0,0,0,0,0,0,0,0,0,0,0,0,0,0,0,0,0,0,0,0,0,0,0,0,0,0,0,0,0,0,0,0,0,0,0,0,0,0,0,0,0,0,0,0,0,0,0,0,0,0,0,0,0,0,0,0,0,0,0,0,0,0,0,0,0,0,0,0,0,0,0,0,0,0,0,0,0,0,0,0,0,0,0,0,0,0,0,0,0,0,0,0,0,0,0,0,0,0,0,0,0,0,0,0,0,0,0,0,0,0,0,0,0,0,0,0,0,0,0,0,0,0,0,0,0,0,0,0,0,0,0,0,0,0,0,0,0,0,0,0,0,0,0,0,0,0,0,0,0,0,0,0,0,0,0,0,0,0,0,0,0,0,0,0,0,0,0,0,0,0,0,0,0,0,0,0,0,0,0,0,0,0,0,0,0,0,0,0,0,0,0,0,0,0,0,0,0,0,0,0,0,0,0,0,0,0,0,0,0,0,0,0,0,0,0,0,0,0,0,0,0,0,0,0,0,0,0,0,0,0,0,0,0,0,0,0,0,0,0,0,0,0,0,0,0,0,0,0,0,0,0,0,0,0,0,0,0,0,0,0,0,0,0,0,0,0,0,0,0,0,0,0,0,0,0,0,0,0,0,0,0,0,0,0,0,0,0,0,0,0,0,0,0,0,0,0,0,0,0,0,0,0,0,0,0,0,0,0,0,0,0,0,0,0,0,0,0,0,0,0,0,0,0,0,0,0,0,0,0,0,0,0,0,0,0,0,0,0,0,0,0,0,0,0,0,0,0,0,0,0,0,0,0,0,0,0,0,0,0,0,0,0,0,0,0,0,0,0,0,0,0,0,0,0,0,0,0,0,0,0,0,0,0,0,0,0,0,0,0,0,0,0,0,0,0,0,0,0,0,0,0,0,0,0,0,0,0,0,0,0,0,0,0,0,0,0,0,0,0,0,0,0,0,0,0,0,0,0,0,0,0,0,0,0,0,0,0,0,0,0,0,0,0,0,0,0,0,0,0,0,0,0,0,0,0,0,0,0,0,0,0,0,0,0,0,0,0,0,0,0,0,0,0,0,0,0,0,0,0,0,0,0,0,0,0,0,0,0,0,0,0,0,0,0,0,0,0,0,0,0,0,0,0,0,0,0,0,0,0,0,0,0,0,0,0,0,0,0,0,0,0,0,0,0,0,0,0,0,0,0,0,0,0,0,0,0,0,0,0,0,0,0,0,0,0,0,0,0,0,0,0,0,0,0,0,0,0,0,0,0,0,0,0,0,0,0,0,0,0,0,0,0,0,0,0,0,0,0,0,0,0,0,0,0,0,0,0,0,0,0,0,0,0,0,0,0,0,0,0,0,0,0,0,0,0,0,0,0,0,0,0,0,0,0,0,0,0,0,0,0,0,0,0,0,0,0,0,0,0,0,0,0,0,0,0,0,0,0,0,0,0,0,0,0,0,0,0,0,0,0,0,0,0,0,0,0,0,0,0,0,0,0,0,0,0,0,0,0,0,0,0,0,0,0,0,0,0,0,0,0,0,0,0,0,0,0,0,0,0,0,0,0,0,0,0,0,0,0,0,0,0,0,0,0,0,0,0,0,0,0,0,0,0,0,0,0,0,0,0,0,0,0,0,0,0,0,0,0,0,0,0,0,0,0,0,0,0,0,0,0,0,0,0,0,0,0,0,0,0,0,0,0,0,0,0,0,0,0,0,0,0,0,0,0,0,0,0,0,0,0,0,0,0,0,0,0,0,0,0,0,0,0,0,0,0,0,0,0,0,0,0,0,0,0,0,0,0,0,0,0,0,0,0,0,0,0,0,0,0,0,0,0,0,0,0,0,0,0,0,0,0,0,0,0,0,0,0,0,0,0,0,0,0,0,0,0,0,0,0,0,0,0,0,0,0,0,0,0,0,0,0,0,0,0,0,0,0,0,0,0,0,0,0,0,0,0,0,0,0,0,0,0,0,0,0,0,0,0,0,0,0,0,0,0,0,0,0,0,0,0,0,0,0,0,0,0,0,0,0,0,0,0,0,0,0,0,0,0,0,0,0,0,0,0,0,0,0,0,0,0,0,0,0,0,0,0,0,0,0,0,0,0,0,0,0,0,0,0,0,0,0,0,0,0,0,0,0,0,0,0,0,0,0,0,0,0,0,0,0,0,0,0,0,0,0,0,0,0,0,0,0,0,0,0,0,0,0,0,0,0,0,0,0,0,0,0,0,0,0,0,0,0,0,0,0,0,0,0,0,0,0,0,0,0,0,0,0,0,0,0,0,0,0,0,0,0,0,0,0,0,0,0,0,0,0,0,0,0,0,0,0,0,0,0,0,0,0,0,0,0,0,0,0,0,0,0,0,0,0,0,0,0,0,0,0,0,0,0,0,0,0,0,0,0,0,0,0,0,0,0,0,0,0,0,0,0,0,0,0,0,0,0,0,0,0,0,0,0,0,0,0,0,0,0,0,0,0,0,0,0,0,0,0,0,0,0,0,0,0,0,0,0,0,0,0,0,0,0,0,0,0,0,0,0,0,0,0,0,0,0,0,0,0,0,0,0,0,0,0,0,0,0,0,0,0,0,0,0,0,0,0,0,0,0,0,0,0,0,0,0,0,0,0,0,0,0,0,0,0,0,0,0,0,0,0,0,0,0,0,0,0,0,0,0,0,0,0,0,0,0,0,0,0,0,0,0,0,0,0,0,0,0,0,0,0,0,0,0,0,0,0,0,0,0,0,0,0,0,0,0,0,0,0,0,0,0,0,0,0,0,0,0,0,0,0,0,0,0,0,0,0,0,0,0,0,0,0,0,0,0,0,0,0,0,0,0,0,0,0,0,0,0,0,0,0,0,0,0,0,0,0,0,0,0,0,0,0,0,0,0,0,0,0,0,0,0,0,0,0,0,0,0,0,0,0,0,0,0,0,0,0,0,0,0,0,0,0,0,0,0,0,0,0,0,0,0,0,0,0,0,0,0,0,0,0,0,0,0,0,0,0,0,0,0,0,0,0,0,0,0,0,0,0,0,0,0,0,0,0,0,0,0,0,0,0,0,0,0,0,0,0,0,0,0,0,0,0,0,0,0,0,0,0,0,0,0,0,0,0,0,0,0,0,0,0,0,0,0,0,0,0,0,0,0,0,0,0,0,0,0,0,0,0,0,0,0,0,0,0,0,0,0,0,0,0,0,0,0,0,0,0,0,0,0,0,0,0,0,0,0,0,0,0,0,0,0,0,0,0,0,0,0,0,0,0,0,0,0,0,0,0,0,0,0,0,0,0,0,0,0,0,0,0,0,0,0,0,0,0,0,0,0,0,0,0,0,0,0,0,0,0,0,0,0,0,0,0,0,0,0,0,0,0,0,0,0,0,0,0,0,0,0,0,0,0,0,0,0,0,0,0,0,0,0,0,0,0,0,0,0,0,0,0,0,0,0,0,0,0,0,0,0,0,0,0,0,0,0,0,0,0,0,0,0,0,0,0,0,0,0,0,0,0,0,0,0,0,0,0,0,0,0,0,0,0,0,0,0,0,0,0,0,0,0,0,0,0,0,0,0,0,0,0,0,0,0,0,0,0,0,0,0,0,0,0,0,0,0,0,0,0,0,0,0,0,0,0,0,0,0,0,0,0,0,0,0,0,0,0,0,0,0,0,0,0,0,0,0,0,0,0,0,0,0,0,0,0,0,0,0,0,0,0,0,0,0,0,0,0,0,0,0,0,0,0,0,0,0,0,0,0,0,0,0,0,0,0,0,0,0,0,0,0,0,0,0,0,0,0,0,0,0,0,0,0,0,0,0,0,0,0,0,0,0,0,0,0,0,0,0,0,0,0,0,0,0,0,0,0,0,0,0,0,0,0,0,0,0,0,0,0,0,0,0,0,0,0,0,0,0,0,0,0,0,0,0,0,0,0,0,0,0,0,0,0,0,0,0,0,0,0,0,0,0,0,0,0,0,0,0,0,0,0,0,0,0,0,0,0,0,0,0,0,0,0,0,0,0,0,0,0,0,0,0,0,0,0,0,0,0,0,0,0,0,0,0,0,0,0,0,0,0,0,0,0,0,0,0,0,0,0,0,0,0,0,0,0,0,0,0,0,0,0,0,0,0,0,0,0,0,0,0,0,0,0,0,0,0,0,0,0,0,0,0,0,0,0,0,0,0,0,0,0,0,0,0,0,0,0,0,0,0,0,0,0,0,0,0,0,0,0,0,0,0,0,0,0,0,0,0,0,0,0,0,0,0,0,0,0,0,0,0,0,0,0,0,0,0,0,0,0,0,0,0,0,0,0,0,0,0,0,0,0,0,0,0,0,0,0,0,0,0,0,0,0,0,0,0,0,0,0,0,0,0,0,0,0,0,0,0,0,0,0,0,0,0,0,0,0,0,0,0,0,0,0,0,0,0,0,0,0,0,0,0,0,0,0,0,0,0,0,0,0,0,0,0,0,0,0,0,0,0,0,0,0,0,0,0,0,0,0,0,0,0,0,0,0,0,0,0,0,0,0,0,0,0,0,0,0,0,0,0,0,0,0,0,0,0,0,0,0,0,0,0,0,0,0,0,0,0,0,0,0,0,0,0,0,0,0,0,0,0,0,0,0,0,0,0,0,0,0,0,0,0,0,0,0,0,0,0,0,0,0,0,0,0,0,0,0,0,0,0,0,0,0,0,0,0,0,0,0,0,0,0,0,0,0,0,0,0,0,0,0,0,0,0,0,0,0,0,0,0,0,0,0,0,0,0,0,0,0,0,0,0,0,0,0,0,0,0,0,0,0,0,0,0,0,0,0,0,0,0,0,0,0,0,0,0,0,0,0,0,0,0,0,0,0,0,0,0,0,0,0,0,0,0,0,0,0,0,0,0,0,0,0,0,0,0,0,0,0,0,0,0,0,0,0,0,0,0,0,0,0,0,0,0,0,0,0,0,0,0,0,0,0,0,0,0,0,0,0,0,0,0,0,0,0,0,0,0,0,0,0,0,0,0,0,0,0,0,0,0,0,0,0,0,0,0,0,0,0,0,0,0,0,0,0,0,0,0,0,0,0,0,0,0,0,0,0,0,0,0,0,0,0,0,0,0,0,0,0,0,0,0,0,0,0,0,0,0,0,0,0,0]]
